x,y
-0.899998523295,0.400001496077
-0.857975817591,0.437104768114
-0.840550280222,0.455030793772
-0.822795153004,0.472627229581
-0.804753160548,0.489930696635
-0.786644029418,0.507173128533
-0.768388413912,0.524250765506
-0.74999852106,0.541188021618
-0.731724595006,0.558247348044
-0.713310288091,0.575154086577
-0.694432113982,0.591542026275
-0.675846908627,0.608265659336
-0.657200668114,0.624922153725
-0.638304183458,0.641291782875
-0.619615218336,0.657893345623
-0.600883528603,0.67445218376
-0.581999250978,0.690834019942
-0.563255354215,0.707374547532
-0.544352766042,0.723738073166
-0.525474591933,0.740126012864
-0.506687970559,0.756617712328
-0.487791485903,0.772987341478
-0.468901104762,0.789363074144
-0.449955791979,0.805677771653
-0.431028789744,0.822010779709
-0.412113994541,0.838355994796
-0.393144267695,0.854640174726
-0.374198954913,0.870948768719
-0.355253642131,0.887263466228
-0.336271708254,0.903529335611
-0.317301981409,0.919813515541
-0.298283426438,0.93604276383
-0.279283182014,0.952290322666
-0.260295144622,0.968550088533
-0.24126438262,0.98476712979
-0.222251931164,1.00099637808
-0.203245583225,1.0172378334
-0.184208717707,1.03344266762
-0.16518405922,1.0496658124
-0.146128883155,1.06584623256
-0.127085914121,1.08203885976
-0.108049048603,1.09824369398
-0.0889816655067,1.11441801063
-0.0699325929572,1.13060453431
-0.0508835204078,1.1467971615
-0.0318100337954,1.16295927112
-0.0127426506988,1.17913358776
0.00634304294499,1.19527738683
0.025422633073,1.21142728942
0.0444961196854,1.22758939903
0.0635940203606,1.24372709459
0.0826797140044,1.25987089366
0.101789821711,1.27599027866
0.120893825902,1.2921218707
0.139991726577,1.30825346274
0.159107937799,1.32436064071
0.178218045506,1.34048002572
0.197328153213,1.35659941072
0.216450467951,1.37270048518
0.235566679173,1.38881376667
0.254707304458,1.40489653058
0.273835722712,1.42099150152
0.292964140966,1.43708647247
0.312110869767,1.45316313286
0.331251495052,1.46923979326
0.350404327369,1.48531035014
0.369563263201,1.5013748035
0.388709992002,1.51744536038
0.407862824319,1.53351591726
0.427021760151,1.54958037063
0.446180695983,1.56563872048
0.4653335283,1.58170317384
0.484498567648,1.59775542017
0.503651399965,1.61381987354
0.522828646344,1.62986601636
0.54201199624,1.64589384863
0.561195346135,1.66192778441
0.580397006577,1.67793730613
0.599616977567,1.6939224138
0.618830845041,1.70991362497
0.638075230093,1.72588042208
0.65731351163,1.74184111568
0.676570103713,1.75778349873
0.695845006344,1.77370146772
0.715132116007,1.78961333319
0.734425329185,1.80550688811
0.753730749394,1.82139433952
0.773054480151,1.83725737687
0.792384314424,1.8531143107
0.811720252212,1.86895293398
0.831080604063,1.88477324672
0.850440955914,1.90059355945
0.869813514796,1.91639556164
0.889204384226,1.93217314977
0.908601357171,1.94793853086
0.928010537148,1.96370391196
0.94742582064,1.9794509825
0.966853311164,1.9951797425
0.986286905204,2.01091460602
1.00572660276,2.02662505547
1.02518461086,2.04232940141
1.04463651545,2.05802764383
1.06410673058,2.07371367922
1.08358304923,2.08939361109
1.10305936788,2.10506133594
1.12254179005,2.12072295726
1.14204252276,2.13637237156
1.16153715196,2.15202178586
1.18104398818,2.16765899312
1.20055692793,2.18328399335
1.2200820747,2.19889678655
1.23960722148,2.21451568327
1.25913847177,2.23011626944
1.27867582558,2.2457107521
1.2982192829,2.26131133827
1.31776274022,2.27689361389
1.33731840457,2.292469786
1.35687406893,2.3080459581
1.3764358368,2.32360992318
1.39600370818,2.33917388825
1.41557157957,2.35473174981
1.43514555447,2.37028350786
1.4547317364,2.38582305887
1.47431181482,2.4013687134
1.49389799675,2.41689605738
1.5134902822,2.43242340136
1.53308867116,2.44795074534
1.55269316364,2.46346588229
1.57229765612,2.47898101924
1.59190825212,2.49448394916
1.61151884811,2.50998687908
1.63113554763,2.525489809
1.65075835065,2.54098053189
1.67038115368,2.55647125477
1.69000395671,2.57196197766
1.70963896676,2.58744049352
1.72926787331,2.60291900937
1.74890288336,2.6183853182
1.76854399694,2.63385162702
1.78819121403,2.64931793584
1.80783843112,2.66477203764
1.82749175172,2.68022613943
1.84714507233,2.69568024122
1.86679839293,2.71112213598
1.88646392057,2.72656403075
1.90612944821,2.74200592551
1.92578887233,2.75743561324
1.94546050348,2.772877508
1.96513213463,2.7882949887
1.9848098693,2.80372467643
2.00448760397,2.81914215712
2.02416533864,2.83455963782
2.04385528034,2.84996491149
2.06353911852,2.86538239219
2.08322906022,2.88078766586
2.10292510544,2.89618073249
2.12261504714,2.91158600616
2.14231719587,2.92697907279
2.16201324108,2.94237213943
2.18171538981,2.95775299903
2.20142364206,2.97314606567
2.22113189431,2.98852692527
2.24084014655,3.00390778488
2.26056670935,3.01926423042
2.28028106511,3.03463288299
2.30000152439,3.05000153556
2.35000152513,3.10000153631
-0.899998523295,0.400001496077
-0.857975817591,0.437104768114
-0.840550280222,0.455030793772
-0.822795153004,0.472627229581
-0.804753160548,0.489930696635
-0.786644029418,0.507173128533
-0.768388413912,0.524250765506
-0.74999852106,0.541188021618
-0.731724595006,0.558247348044
-0.713310288091,0.575154086577
-0.694432113982,0.591542026275
-0.675846908627,0.608265659336
-0.657200668114,0.624922153725
-0.638304183458,0.641291782875
-0.619615218336,0.657893345623
-0.600883528603,0.67445218376
-0.581999250978,0.690834019942
-0.563255354215,0.707374547532
-0.544352766042,0.723738073166
-0.525474591933,0.740126012864
-0.506687970559,0.756617712328
-0.487791485903,0.772987341478
-0.468901104762,0.789363074144
-0.449955791979,0.805677771653
-0.431028789744,0.822010779709
-0.412113994541,0.838355994796
-0.393144267695,0.854640174726
-0.374198954913,0.870948768719
-0.355253642131,0.887263466228
-0.336271708254,0.903529335611
-0.317301981409,0.919813515541
-0.298283426438,0.93604276383
-0.279283182014,0.952290322666
-0.260295144622,0.968550088533
-0.24126438262,0.98476712979
-0.222251931164,1.00099637808
-0.203245583225,1.0172378334
-0.184208717707,1.03344266762
-0.16518405922,1.0496658124
-0.146128883155,1.06584623256
-0.127085914121,1.08203885976
-0.108049048603,1.09824369398
-0.0889816655067,1.11441801063
-0.0699325929572,1.13060453431
-0.0508835204078,1.1467971615
-0.0318100337954,1.16295927112
-0.0127426506988,1.17913358776
0.00634304294499,1.19527738683
0.025422633073,1.21142728942
0.0444961196854,1.22758939903
0.0635940203606,1.24372709459
0.0826797140044,1.25987089366
0.101789821711,1.27599027866
0.120893825902,1.2921218707
0.139991726577,1.30825346274
0.159107937799,1.32436064071
0.178218045506,1.34048002572
0.197328153213,1.35659941072
0.216450467951,1.37270048518
0.235566679173,1.38881376667
0.254707304458,1.40489653058
0.273835722712,1.42099150152
0.292964140966,1.43708647247
0.312110869767,1.45316313286
0.331251495052,1.46923979326
0.350404327369,1.48531035014
0.369563263201,1.5013748035
0.388709992002,1.51744536038
0.407862824319,1.53351591726
0.427021760151,1.54958037063
0.446180695983,1.56563872048
0.4653335283,1.58170317384
0.484498567648,1.59775542017
0.503651399965,1.61381987354
0.522828646344,1.62986601636
0.54201199624,1.64589384863
0.561195346135,1.66192778441
0.580397006577,1.67793730613
0.599616977567,1.6939224138
0.618830845041,1.70991362497
0.638075230093,1.72588042208
0.65731351163,1.74184111568
0.676570103713,1.75778349873
0.695845006344,1.77370146772
0.715132116007,1.78961333319
0.734425329185,1.80550688811
0.753730749394,1.82139433952
0.773054480151,1.83725737687
0.792384314424,1.8531143107
0.811720252212,1.86895293398
0.831080604063,1.88477324672
0.850440955914,1.90059355945
0.869813514796,1.91639556164
0.889204384226,1.93217314977
0.908601357171,1.94793853086
0.928010537148,1.96370391196
0.94742582064,1.9794509825
0.966853311164,1.9951797425
0.986286905204,2.01091460602
1.00572660276,2.02662505547
1.02518461086,2.04232940141
1.04463651545,2.05802764383
1.06410673058,2.07371367922
1.08358304923,2.08939361109
1.10305936788,2.10506133594
1.12254179005,2.12072295726
1.14204252276,2.13637237156
1.16153715196,2.15202178586
1.18104398818,2.16765899312
1.20055692793,2.18328399335
1.2200820747,2.19889678655
1.23960722148,2.21451568327
1.25913847177,2.23011626944
1.27867582558,2.2457107521
1.2982192829,2.26131133827
1.31776274022,2.27689361389
1.33731840457,2.292469786
1.35687406893,2.3080459581
1.3764358368,2.32360992318
1.39600370818,2.33917388825
1.41557157957,2.35473174981
1.43514555447,2.37028350786
1.4547317364,2.38582305887
1.47431181482,2.4013687134
1.49389799675,2.41689605738
1.5134902822,2.43242340136
1.53308867116,2.44795074534
1.55269316364,2.46346588229
1.57229765612,2.47898101924
1.59190825212,2.49448394916
1.61151884811,2.50998687908
1.63113554763,2.525489809
1.65075835065,2.54098053189
1.67038115368,2.55647125477
1.69000395671,2.57196197766
1.70963896676,2.58744049352
1.72926787331,2.60291900937
1.74890288336,2.6183853182
1.76854399694,2.63385162702
1.78819121403,2.64931793584
1.80783843112,2.66477203764
1.82749175172,2.68022613943
1.84714507233,2.69568024122
1.86679839293,2.71112213598
1.88646392057,2.72656403075
1.90612944821,2.74200592551
1.92578887233,2.75743561324
1.94546050348,2.772877508
1.96513213463,2.7882949887
1.9848098693,2.80372467643
2.00448760397,2.81914215712
2.02416533864,2.83455963782
2.04385528034,2.84996491149
2.06353911852,2.86538239219
2.08322906022,2.88078766586
2.10292510544,2.89618073249
2.12261504714,2.91158600616
2.14231719587,2.92697907279
2.16201324108,2.94237213943
2.18171538981,2.95775299903
2.20142364206,2.97314606567
2.22113189431,2.98852692527
2.24084014655,3.00390778488
2.26056670935,3.01926423042
2.28028106511,3.03463288299
2.30000152439,3.05000153556
2.35000152513,3.10000153631
2.39028763771,3.11739397049
-0.899998523295,0.400001496077
-0.857975817591,0.437104768114
-0.840550280222,0.455030793772
-0.822795153004,0.472627229581
-0.804753160548,0.489930696635
-0.786644029418,0.507173128533
-0.768388413912,0.524250765506
-0.74999852106,0.541188021618
-0.731724595006,0.558247348044
-0.713310288091,0.575154086577
-0.694432113982,0.591542026275
-0.675846908627,0.608265659336
-0.657200668114,0.624922153725
-0.638304183458,0.641291782875
-0.619615218336,0.657893345623
-0.600883528603,0.67445218376
-0.581999250978,0.690834019942
-0.563255354215,0.707374547532
-0.544352766042,0.723738073166
-0.525474591933,0.740126012864
-0.506687970559,0.756617712328
-0.487791485903,0.772987341478
-0.468901104762,0.789363074144
-0.449955791979,0.805677771653
-0.431028789744,0.822010779709
-0.412113994541,0.838355994796
-0.393144267695,0.854640174726
-0.374198954913,0.870948768719
-0.355253642131,0.887263466228
-0.336271708254,0.903529335611
-0.317301981409,0.919813515541
-0.298283426438,0.93604276383
-0.279283182014,0.952290322666
-0.260295144622,0.968550088533
-0.24126438262,0.98476712979
-0.222251931164,1.00099637808
-0.203245583225,1.0172378334
-0.184208717707,1.03344266762
-0.16518405922,1.0496658124
-0.146128883155,1.06584623256
-0.127085914121,1.08203885976
-0.108049048603,1.09824369398
-0.0889816655067,1.11441801063
-0.0699325929572,1.13060453431
-0.0508835204078,1.1467971615
-0.0318100337954,1.16295927112
-0.0127426506988,1.17913358776
0.00634304294499,1.19527738683
0.025422633073,1.21142728942
0.0444961196854,1.22758939903
0.0635940203606,1.24372709459
0.0826797140044,1.25987089366
0.101789821711,1.27599027866
0.120893825902,1.2921218707
0.139991726577,1.30825346274
0.159107937799,1.32436064071
0.178218045506,1.34048002572
0.197328153213,1.35659941072
0.216450467951,1.37270048518
0.235566679173,1.38881376667
0.254707304458,1.40489653058
0.273835722712,1.42099150152
0.292964140966,1.43708647247
0.312110869767,1.45316313286
0.331251495052,1.46923979326
0.350404327369,1.48531035014
0.369563263201,1.5013748035
0.388709992002,1.51744536038
0.407862824319,1.53351591726
0.427021760151,1.54958037063
0.446180695983,1.56563872048
0.4653335283,1.58170317384
0.484498567648,1.59775542017
0.503651399965,1.61381987354
0.522828646344,1.62986601636
0.54201199624,1.64589384863
0.561195346135,1.66192778441
0.580397006577,1.67793730613
0.599616977567,1.6939224138
0.618830845041,1.70991362497
0.638075230093,1.72588042208
0.65731351163,1.74184111568
0.676570103713,1.75778349873
0.695845006344,1.77370146772
0.715132116007,1.78961333319
0.734425329185,1.80550688811
0.753730749394,1.82139433952
0.773054480151,1.83725737687
0.792384314424,1.8531143107
0.811720252212,1.86895293398
0.831080604063,1.88477324672
0.850440955914,1.90059355945
0.869813514796,1.91639556164
0.889204384226,1.93217314977
0.908601357171,1.94793853086
0.928010537148,1.96370391196
0.94742582064,1.9794509825
0.966853311164,1.9951797425
0.986286905204,2.01091460602
1.00572660276,2.02662505547
1.02518461086,2.04232940141
1.04463651545,2.05802764383
1.06410673058,2.07371367922
1.08358304923,2.08939361109
1.10305936788,2.10506133594
1.12254179005,2.12072295726
1.14204252276,2.13637237156
1.16153715196,2.15202178586
1.18104398818,2.16765899312
1.20055692793,2.18328399335
1.2200820747,2.19889678655
1.23960722148,2.21451568327
1.25913847177,2.23011626944
1.27867582558,2.2457107521
1.2982192829,2.26131133827
1.31776274022,2.27689361389
1.33731840457,2.292469786
1.35687406893,2.3080459581
1.3764358368,2.32360992318
1.39600370818,2.33917388825
1.41557157957,2.35473174981
1.43514555447,2.37028350786
1.4547317364,2.38582305887
1.47431181482,2.4013687134
1.49389799675,2.41689605738
1.5134902822,2.43242340136
1.53308867116,2.44795074534
1.55269316364,2.46346588229
1.57229765612,2.47898101924
1.59190825212,2.49448394916
1.61151884811,2.50998687908
1.63113554763,2.525489809
1.65075835065,2.54098053189
1.67038115368,2.55647125477
1.69000395671,2.57196197766
1.70963896676,2.58744049352
1.72926787331,2.60291900937
1.74890288336,2.6183853182
1.76854399694,2.63385162702
1.78819121403,2.64931793584
1.80783843112,2.66477203764
1.82749175172,2.68022613943
1.84714507233,2.69568024122
1.86679839293,2.71112213598
1.88646392057,2.72656403075
1.90612944821,2.74200592551
1.92578887233,2.75743561324
1.94546050348,2.772877508
1.96513213463,2.7882949887
1.9848098693,2.80372467643
2.00448760397,2.81914215712
2.02416533864,2.83455963782
2.04385528034,2.84996491149
2.06353911852,2.86538239219
2.08322906022,2.88078766586
2.10292510544,2.89618073249
2.12261504714,2.91158600616
2.14231719587,2.92697907279
2.16201324108,2.94237213943
2.18171538981,2.95775299903
2.20142364206,2.97314606567
2.22113189431,2.98852692527
2.24084014655,3.00390778488
2.26056670935,3.01926423042
2.28028106511,3.03463288299
2.30000152439,3.05000153556
2.35000152513,3.10000153631
-0.899998523295,0.400001496077
-0.857975817591,0.437104768114
-0.840550280222,0.455030793772
-0.822795153004,0.472627229581
-0.804753160548,0.489930696635
-0.786644029418,0.507173128533
-0.768388413912,0.524250765506
-0.74999852106,0.541188021618
-0.731724595006,0.558247348044
-0.713310288091,0.575154086577
-0.694432113982,0.591542026275
-0.675846908627,0.608265659336
-0.657200668114,0.624922153725
-0.638304183458,0.641291782875
-0.619615218336,0.657893345623
-0.600883528603,0.67445218376
-0.581999250978,0.690834019942
-0.563255354215,0.707374547532
-0.544352766042,0.723738073166
-0.525474591933,0.740126012864
-0.506687970559,0.756617712328
-0.487791485903,0.772987341478
-0.468901104762,0.789363074144
-0.449955791979,0.805677771653
-0.431028789744,0.822010779709
-0.412113994541,0.838355994796
-0.393144267695,0.854640174726
-0.374198954913,0.870948768719
-0.355253642131,0.887263466228
-0.336271708254,0.903529335611
-0.317301981409,0.919813515541
-0.298283426438,0.93604276383
-0.279283182014,0.952290322666
-0.260295144622,0.968550088533
-0.24126438262,0.98476712979
-0.222251931164,1.00099637808
-0.203245583225,1.0172378334
-0.184208717707,1.03344266762
-0.16518405922,1.0496658124
-0.146128883155,1.06584623256
-0.127085914121,1.08203885976
-0.108049048603,1.09824369398
-0.0889816655067,1.11441801063
-0.0699325929572,1.13060453431
-0.0508835204078,1.1467971615
-0.0318100337954,1.16295927112
-0.0127426506988,1.17913358776
0.00634304294499,1.19527738683
0.025422633073,1.21142728942
0.0444961196854,1.22758939903
0.0635940203606,1.24372709459
0.0826797140044,1.25987089366
0.101789821711,1.27599027866
0.120893825902,1.2921218707
0.139991726577,1.30825346274
0.159107937799,1.32436064071
0.178218045506,1.34048002572
0.197328153213,1.35659941072
0.216450467951,1.37270048518
0.235566679173,1.38881376667
0.254707304458,1.40489653058
0.273835722712,1.42099150152
0.292964140966,1.43708647247
0.312110869767,1.45316313286
0.331251495052,1.46923979326
0.350404327369,1.48531035014
0.369563263201,1.5013748035
0.388709992002,1.51744536038
0.407862824319,1.53351591726
0.427021760151,1.54958037063
0.446180695983,1.56563872048
0.4653335283,1.58170317384
0.484498567648,1.59775542017
0.503651399965,1.61381987354
0.522828646344,1.62986601636
0.54201199624,1.64589384863
0.561195346135,1.66192778441
0.580397006577,1.67793730613
0.599616977567,1.6939224138
0.618830845041,1.70991362497
0.638075230093,1.72588042208
0.65731351163,1.74184111568
0.676570103713,1.75778349873
0.695845006344,1.77370146772
0.715132116007,1.78961333319
0.734425329185,1.80550688811
0.753730749394,1.82139433952
0.773054480151,1.83725737687
0.792384314424,1.8531143107
0.811720252212,1.86895293398
0.831080604063,1.88477324672
0.850440955914,1.90059355945
0.869813514796,1.91639556164
0.889204384226,1.93217314977
0.908601357171,1.94793853086
0.928010537148,1.96370391196
0.94742582064,1.9794509825
0.966853311164,1.9951797425
0.986286905204,2.01091460602
1.00572660276,2.02662505547
1.02518461086,2.04232940141
1.04463651545,2.05802764383
1.06410673058,2.07371367922
1.08358304923,2.08939361109
1.10305936788,2.10506133594
1.12254179005,2.12072295726
1.14204252276,2.13637237156
1.16153715196,2.15202178586
1.18104398818,2.16765899312
1.20055692793,2.18328399335
1.2200820747,2.19889678655
1.23960722148,2.21451568327
1.25913847177,2.23011626944
1.27867582558,2.2457107521
1.2982192829,2.26131133827
1.31776274022,2.27689361389
1.33731840457,2.292469786
1.35687406893,2.3080459581
1.3764358368,2.32360992318
1.39600370818,2.33917388825
1.41557157957,2.35473174981
1.43514555447,2.37028350786
1.4547317364,2.38582305887
1.47431181482,2.4013687134
1.49389799675,2.41689605738
1.5134902822,2.43242340136
1.53308867116,2.44795074534
1.55269316364,2.46346588229
1.57229765612,2.47898101924
1.59190825212,2.49448394916
1.61151884811,2.50998687908
1.63113554763,2.525489809
1.65075835065,2.54098053189
1.67038115368,2.55647125477
1.69000395671,2.57196197766
1.70963896676,2.58744049352
1.72926787331,2.60291900937
1.74890288336,2.6183853182
1.76854399694,2.63385162702
1.78819121403,2.64931793584
1.80783843112,2.66477203764
1.82749175172,2.68022613943
1.84714507233,2.69568024122
1.86679839293,2.71112213598
1.88646392057,2.72656403075
1.90612944821,2.74200592551
1.92578887233,2.75743561324
1.94546050348,2.772877508
1.96513213463,2.7882949887
1.9848098693,2.80372467643
2.00448760397,2.81914215712
2.02416533864,2.83455963782
2.04385528034,2.84996491149
2.06353911852,2.86538239219
2.08322906022,2.88078766586
2.10292510544,2.89618073249
2.12261504714,2.91158600616
2.14231719587,2.92697907279
2.16201324108,2.94237213943
2.18171538981,2.95775299903
2.20142364206,2.97314606567
2.22113189431,2.98852692527
2.24084014655,3.00390778488
2.26056670935,3.01926423042
2.28028106511,3.03463288299
2.30000152439,3.05000153556
2.35000152513,3.10000153631
2.39028763771,3.11739397049
-0.899998523295,0.400001496077
-0.857975817591,0.437104768114
-0.840550280222,0.455030793772
-0.822795153004,0.472627229581
-0.804753160548,0.489930696635
-0.786644029418,0.507173128533
-0.768388413912,0.524250765506
-0.74999852106,0.541188021618
-0.731724595006,0.558247348044
-0.713310288091,0.575154086577
-0.694432113982,0.591542026275
-0.675846908627,0.608265659336
-0.657200668114,0.624922153725
-0.638304183458,0.641291782875
-0.619615218336,0.657893345623
-0.600883528603,0.67445218376
-0.581999250978,0.690834019942
-0.563255354215,0.707374547532
-0.544352766042,0.723738073166
-0.525474591933,0.740126012864
-0.506687970559,0.756617712328
-0.487791485903,0.772987341478
-0.468901104762,0.789363074144
-0.449955791979,0.805677771653
-0.431028789744,0.822010779709
-0.412113994541,0.838355994796
-0.393144267695,0.854640174726
-0.374198954913,0.870948768719
-0.355253642131,0.887263466228
-0.336271708254,0.903529335611
-0.317301981409,0.919813515541
-0.298283426438,0.93604276383
-0.279283182014,0.952290322666
-0.260295144622,0.968550088533
-0.24126438262,0.98476712979
-0.222251931164,1.00099637808
-0.203245583225,1.0172378334
-0.184208717707,1.03344266762
-0.16518405922,1.0496658124
-0.146128883155,1.06584623256
-0.127085914121,1.08203885976
-0.108049048603,1.09824369398
-0.0889816655067,1.11441801063
-0.0699325929572,1.13060453431
-0.0508835204078,1.1467971615
-0.0318100337954,1.16295927112
-0.0127426506988,1.17913358776
0.00634304294499,1.19527738683
0.025422633073,1.21142728942
0.0444961196854,1.22758939903
0.0635940203606,1.24372709459
0.0826797140044,1.25987089366
0.101789821711,1.27599027866
0.120893825902,1.2921218707
0.139991726577,1.30825346274
0.159107937799,1.32436064071
0.178218045506,1.34048002572
0.197328153213,1.35659941072
0.216450467951,1.37270048518
0.235566679173,1.38881376667
0.254707304458,1.40489653058
0.273835722712,1.42099150152
0.292964140966,1.43708647247
0.312110869767,1.45316313286
0.331251495052,1.46923979326
0.350404327369,1.48531035014
0.369563263201,1.5013748035
0.388709992002,1.51744536038
0.407862824319,1.53351591726
0.427021760151,1.54958037063
0.446180695983,1.56563872048
0.4653335283,1.58170317384
0.484498567648,1.59775542017
0.503651399965,1.61381987354
0.522828646344,1.62986601636
0.54201199624,1.64589384863
0.561195346135,1.66192778441
0.580397006577,1.67793730613
0.599616977567,1.6939224138
0.618830845041,1.70991362497
0.638075230093,1.72588042208
0.65731351163,1.74184111568
0.676570103713,1.75778349873
0.695845006344,1.77370146772
0.715132116007,1.78961333319
0.734425329185,1.80550688811
0.753730749394,1.82139433952
0.773054480151,1.83725737687
0.792384314424,1.8531143107
0.811720252212,1.86895293398
0.831080604063,1.88477324672
0.850440955914,1.90059355945
0.869813514796,1.91639556164
0.889204384226,1.93217314977
0.908601357171,1.94793853086
0.928010537148,1.96370391196
0.94742582064,1.9794509825
0.966853311164,1.9951797425
0.986286905204,2.01091460602
1.00572660276,2.02662505547
1.02518461086,2.04232940141
1.04463651545,2.05802764383
1.06410673058,2.07371367922
1.08358304923,2.08939361109
1.10305936788,2.10506133594
1.12254179005,2.12072295726
1.14204252276,2.13637237156
1.16153715196,2.15202178586
1.18104398818,2.16765899312
1.20055692793,2.18328399335
1.2200820747,2.19889678655
1.23960722148,2.21451568327
1.25913847177,2.23011626944
1.27867582558,2.2457107521
1.2982192829,2.26131133827
1.31776274022,2.27689361389
1.33731840457,2.292469786
1.35687406893,2.3080459581
1.3764358368,2.32360992318
1.39600370818,2.33917388825
1.41557157957,2.35473174981
1.43514555447,2.37028350786
1.4547317364,2.38582305887
1.47431181482,2.4013687134
1.49389799675,2.41689605738
1.5134902822,2.43242340136
1.53308867116,2.44795074534
1.55269316364,2.46346588229
1.57229765612,2.47898101924
1.59190825212,2.49448394916
1.61151884811,2.50998687908
1.63113554763,2.525489809
1.65075835065,2.54098053189
1.67038115368,2.55647125477
1.69000395671,2.57196197766
1.70963896676,2.58744049352
1.72926787331,2.60291900937
1.74890288336,2.6183853182
1.76854399694,2.63385162702
1.78819121403,2.64931793584
1.80783843112,2.66477203764
1.82749175172,2.68022613943
1.84714507233,2.69568024122
1.86679839293,2.71112213598
1.88646392057,2.72656403075
1.90612944821,2.74200592551
1.92578887233,2.75743561324
1.94546050348,2.772877508
1.96513213463,2.7882949887
1.9848098693,2.80372467643
2.00448760397,2.81914215712
2.02416533864,2.83455963782
2.04385528034,2.84996491149
2.06353911852,2.86538239219
2.08322906022,2.88078766586
2.10292510544,2.89618073249
2.12261504714,2.91158600616
2.14231719587,2.92697907279
2.16201324108,2.94237213943
2.18171538981,2.95775299903
2.20142364206,2.97314606567
2.22113189431,2.98852692527
2.24084014655,3.00390778488
2.26056670935,3.01926423042
2.28028106511,3.03463288299
2.30000152439,3.05000153556
2.35000152513,3.10000153631
-0.899998523295,0.400001496077
-0.857975817591,0.437104768114
-0.840550280222,0.455030793772
-0.822795153004,0.472627229581
-0.804753160548,0.489930696635
-0.786644029418,0.507173128533
-0.768388413912,0.524250765506
-0.74999852106,0.541188021618
-0.731724595006,0.558247348044
-0.713310288091,0.575154086577
-0.694432113982,0.591542026275
-0.675846908627,0.608265659336
-0.657200668114,0.624922153725
-0.638304183458,0.641291782875
-0.619615218336,0.657893345623
-0.600883528603,0.67445218376
-0.581999250978,0.690834019942
-0.563255354215,0.707374547532
-0.544352766042,0.723738073166
-0.525474591933,0.740126012864
-0.506687970559,0.756617712328
-0.487791485903,0.772987341478
-0.468901104762,0.789363074144
-0.449955791979,0.805677771653
-0.431028789744,0.822010779709
-0.412113994541,0.838355994796
-0.393144267695,0.854640174726
-0.374198954913,0.870948768719
-0.355253642131,0.887263466228
-0.336271708254,0.903529335611
-0.317301981409,0.919813515541
-0.298283426438,0.93604276383
-0.279283182014,0.952290322666
-0.260295144622,0.968550088533
-0.24126438262,0.98476712979
-0.222251931164,1.00099637808
-0.203245583225,1.0172378334
-0.184208717707,1.03344266762
-0.16518405922,1.0496658124
-0.146128883155,1.06584623256
-0.127085914121,1.08203885976
-0.108049048603,1.09824369398
-0.0889816655067,1.11441801063
-0.0699325929572,1.13060453431
-0.0508835204078,1.1467971615
-0.0318100337954,1.16295927112
-0.0127426506988,1.17913358776
0.00634304294499,1.19527738683
0.025422633073,1.21142728942
0.0444961196854,1.22758939903
0.0635940203606,1.24372709459
0.0826797140044,1.25987089366
0.101789821711,1.27599027866
0.120893825902,1.2921218707
0.139991726577,1.30825346274
0.159107937799,1.32436064071
0.178218045506,1.34048002572
0.197328153213,1.35659941072
0.216450467951,1.37270048518
0.235566679173,1.38881376667
0.254707304458,1.40489653058
0.273835722712,1.42099150152
0.292964140966,1.43708647247
0.312110869767,1.45316313286
0.331251495052,1.46923979326
0.350404327369,1.48531035014
0.369563263201,1.5013748035
0.388709992002,1.51744536038
0.407862824319,1.53351591726
0.427021760151,1.54958037063
0.446180695983,1.56563872048
0.4653335283,1.58170317384
0.484498567648,1.59775542017
0.503651399965,1.61381987354
0.522828646344,1.62986601636
0.54201199624,1.64589384863
0.561195346135,1.66192778441
0.580397006577,1.67793730613
0.599616977567,1.6939224138
0.618830845041,1.70991362497
0.638075230093,1.72588042208
0.65731351163,1.74184111568
0.676570103713,1.75778349873
0.695845006344,1.77370146772
0.715132116007,1.78961333319
0.734425329185,1.80550688811
0.753730749394,1.82139433952
0.773054480151,1.83725737687
0.792384314424,1.8531143107
0.811720252212,1.86895293398
0.831080604063,1.88477324672
0.850440955914,1.90059355945
0.869813514796,1.91639556164
0.889204384226,1.93217314977
0.908601357171,1.94793853086
0.928010537148,1.96370391196
0.94742582064,1.9794509825
0.966853311164,1.9951797425
0.986286905204,2.01091460602
1.00572660276,2.02662505547
1.02518461086,2.04232940141
1.04463651545,2.05802764383
1.06410673058,2.07371367922
1.08358304923,2.08939361109
1.10305936788,2.10506133594
1.12254179005,2.12072295726
1.14204252276,2.13637237156
1.16153715196,2.15202178586
1.18104398818,2.16765899312
1.20055692793,2.18328399335
1.2200820747,2.19889678655
1.23960722148,2.21451568327
1.25913847177,2.23011626944
1.27867582558,2.2457107521
1.2982192829,2.26131133827
1.31776274022,2.27689361389
1.33731840457,2.292469786
1.35687406893,2.3080459581
1.3764358368,2.32360992318
1.39600370818,2.33917388825
1.41557157957,2.35473174981
1.43514555447,2.37028350786
1.4547317364,2.38582305887
1.47431181482,2.4013687134
1.49389799675,2.41689605738
1.5134902822,2.43242340136
1.53308867116,2.44795074534
1.55269316364,2.46346588229
1.57229765612,2.47898101924
1.59190825212,2.49448394916
1.61151884811,2.50998687908
1.63113554763,2.525489809
1.65075835065,2.54098053189
1.67038115368,2.55647125477
1.69000395671,2.57196197766
1.70963896676,2.58744049352
1.72926787331,2.60291900937
1.74890288336,2.6183853182
1.76854399694,2.63385162702
1.78819121403,2.64931793584
1.80783843112,2.66477203764
1.82749175172,2.68022613943
1.84714507233,2.69568024122
1.86679839293,2.71112213598
1.88646392057,2.72656403075
1.90612944821,2.74200592551
1.92578887233,2.75743561324
1.94546050348,2.772877508
1.96513213463,2.7882949887
1.9848098693,2.80372467643
2.00448760397,2.81914215712
2.02416533864,2.83455963782
2.04385528034,2.84996491149
2.06353911852,2.86538239219
2.08322906022,2.88078766586
2.10292510544,2.89618073249
2.12261504714,2.91158600616
2.14231719587,2.92697907279
2.16201324108,2.94237213943
2.18171538981,2.95775299903
2.20142364206,2.97314606567
2.22113189431,2.98852692527
2.24084014655,3.00390778488
2.26056670935,3.01926423042
2.28028106511,3.03463288299
2.30000152439,3.05000153556
2.35000152513,3.10000153631
2.39028763771,3.11739397049
-0.899998523295,0.400001496077
-0.857975817591,0.437104768114
-0.840550280222,0.455030793772
-0.822795153004,0.472627229581
-0.804753160548,0.489930696635
-0.786644029418,0.507173128533
-0.768388413912,0.524250765506
-0.74999852106,0.541188021618
-0.731724595006,0.558247348044
-0.713310288091,0.575154086577
-0.694432113982,0.591542026275
-0.675846908627,0.608265659336
-0.657200668114,0.624922153725
-0.638304183458,0.641291782875
-0.619615218336,0.657893345623
-0.600883528603,0.67445218376
-0.581999250978,0.690834019942
-0.563255354215,0.707374547532
-0.544352766042,0.723738073166
-0.525474591933,0.740126012864
-0.506687970559,0.756617712328
-0.487791485903,0.772987341478
-0.468901104762,0.789363074144
-0.449955791979,0.805677771653
-0.431028789744,0.822010779709
-0.412113994541,0.838355994796
-0.393144267695,0.854640174726
-0.374198954913,0.870948768719
-0.355253642131,0.887263466228
-0.336271708254,0.903529335611
-0.317301981409,0.919813515541
-0.298283426438,0.93604276383
-0.279283182014,0.952290322666
-0.260295144622,0.968550088533
-0.24126438262,0.98476712979
-0.222251931164,1.00099637808
-0.203245583225,1.0172378334
-0.184208717707,1.03344266762
-0.16518405922,1.0496658124
-0.146128883155,1.06584623256
-0.127085914121,1.08203885976
-0.108049048603,1.09824369398
-0.0889816655067,1.11441801063
-0.0699325929572,1.13060453431
-0.0508835204078,1.1467971615
-0.0318100337954,1.16295927112
-0.0127426506988,1.17913358776
0.00634304294499,1.19527738683
0.025422633073,1.21142728942
0.0444961196854,1.22758939903
0.0635940203606,1.24372709459
0.0826797140044,1.25987089366
0.101789821711,1.27599027866
0.120893825902,1.2921218707
0.139991726577,1.30825346274
0.159107937799,1.32436064071
0.178218045506,1.34048002572
0.197328153213,1.35659941072
0.216450467951,1.37270048518
0.235566679173,1.38881376667
0.254707304458,1.40489653058
0.273835722712,1.42099150152
0.292964140966,1.43708647247
0.312110869767,1.45316313286
0.331251495052,1.46923979326
0.350404327369,1.48531035014
0.369563263201,1.5013748035
0.388709992002,1.51744536038
0.407862824319,1.53351591726
0.427021760151,1.54958037063
0.446180695983,1.56563872048
0.4653335283,1.58170317384
0.484498567648,1.59775542017
0.503651399965,1.61381987354
0.522828646344,1.62986601636
0.54201199624,1.64589384863
0.561195346135,1.66192778441
0.580397006577,1.67793730613
0.599616977567,1.6939224138
0.618830845041,1.70991362497
0.638075230093,1.72588042208
0.65731351163,1.74184111568
0.676570103713,1.75778349873
0.695845006344,1.77370146772
0.715132116007,1.78961333319
0.734425329185,1.80550688811
0.753730749394,1.82139433952
0.773054480151,1.83725737687
0.792384314424,1.8531143107
0.811720252212,1.86895293398
0.831080604063,1.88477324672
0.850440955914,1.90059355945
0.869813514796,1.91639556164
0.889204384226,1.93217314977
0.908601357171,1.94793853086
0.928010537148,1.96370391196
0.94742582064,1.9794509825
0.966853311164,1.9951797425
0.986286905204,2.01091460602
1.00572660276,2.02662505547
1.02518461086,2.04232940141
1.04463651545,2.05802764383
1.06410673058,2.07371367922
1.08358304923,2.08939361109
1.10305936788,2.10506133594
1.12254179005,2.12072295726
1.14204252276,2.13637237156
1.16153715196,2.15202178586
1.18104398818,2.16765899312
1.20055692793,2.18328399335
1.2200820747,2.19889678655
1.23960722148,2.21451568327
1.25913847177,2.23011626944
1.27867582558,2.2457107521
1.2982192829,2.26131133827
1.31776274022,2.27689361389
1.33731840457,2.292469786
1.35687406893,2.3080459581
1.3764358368,2.32360992318
1.39600370818,2.33917388825
1.41557157957,2.35473174981
1.43514555447,2.37028350786
1.4547317364,2.38582305887
1.47431181482,2.4013687134
1.49389799675,2.41689605738
1.5134902822,2.43242340136
1.53308867116,2.44795074534
1.55269316364,2.46346588229
1.57229765612,2.47898101924
1.59190825212,2.49448394916
1.61151884811,2.50998687908
1.63113554763,2.525489809
1.65075835065,2.54098053189
1.67038115368,2.55647125477
1.69000395671,2.57196197766
1.70963896676,2.58744049352
1.72926787331,2.60291900937
1.74890288336,2.6183853182
1.76854399694,2.63385162702
1.78819121403,2.64931793584
1.80783843112,2.66477203764
1.82749175172,2.68022613943
1.84714507233,2.69568024122
1.86679839293,2.71112213598
1.88646392057,2.72656403075
1.90612944821,2.74200592551
1.92578887233,2.75743561324
1.94546050348,2.772877508
1.96513213463,2.7882949887
1.9848098693,2.80372467643
2.00448760397,2.81914215712
2.02416533864,2.83455963782
2.04385528034,2.84996491149
2.06353911852,2.86538239219
2.08322906022,2.88078766586
2.10292510544,2.89618073249
2.12261504714,2.91158600616
2.14231719587,2.92697907279
2.16201324108,2.94237213943
2.18171538981,2.95775299903
2.20142364206,2.97314606567
2.22113189431,2.98852692527
2.24084014655,3.00390778488
2.26056670935,3.01926423042
2.28028106511,3.03463288299
2.30000152439,3.05000153556
2.35000152513,3.10000153631
-0.899998523295,0.400001496077
-0.857975817591,0.437104768114
-0.840550280222,0.455030793772
-0.822795153004,0.472627229581
-0.804753160548,0.489930696635
-0.786644029418,0.507173128533
-0.768388413912,0.524250765506
-0.74999852106,0.541188021618
-0.731724595006,0.558247348044
-0.713310288091,0.575154086577
-0.694432113982,0.591542026275
-0.675846908627,0.608265659336
-0.657200668114,0.624922153725
-0.638304183458,0.641291782875
-0.619615218336,0.657893345623
-0.600883528603,0.67445218376
-0.581999250978,0.690834019942
-0.563255354215,0.707374547532
-0.544352766042,0.723738073166
-0.525474591933,0.740126012864
-0.506687970559,0.756617712328
-0.487791485903,0.772987341478
-0.468901104762,0.789363074144
-0.449955791979,0.805677771653
-0.431028789744,0.822010779709
-0.412113994541,0.838355994796
-0.393144267695,0.854640174726
-0.374198954913,0.870948768719
-0.355253642131,0.887263466228
-0.336271708254,0.903529335611
-0.317301981409,0.919813515541
-0.298283426438,0.93604276383
-0.279283182014,0.952290322666
-0.260295144622,0.968550088533
-0.24126438262,0.98476712979
-0.222251931164,1.00099637808
-0.203245583225,1.0172378334
-0.184208717707,1.03344266762
-0.16518405922,1.0496658124
-0.146128883155,1.06584623256
-0.127085914121,1.08203885976
-0.108049048603,1.09824369398
-0.0889816655067,1.11441801063
-0.0699325929572,1.13060453431
-0.0508835204078,1.1467971615
-0.0318100337954,1.16295927112
-0.0127426506988,1.17913358776
0.00634304294499,1.19527738683
0.025422633073,1.21142728942
0.0444961196854,1.22758939903
0.0635940203606,1.24372709459
0.0826797140044,1.25987089366
0.101789821711,1.27599027866
0.120893825902,1.2921218707
0.139991726577,1.30825346274
0.159107937799,1.32436064071
0.178218045506,1.34048002572
0.197328153213,1.35659941072
0.216450467951,1.37270048518
0.235566679173,1.38881376667
0.254707304458,1.40489653058
0.273835722712,1.42099150152
0.292964140966,1.43708647247
0.312110869767,1.45316313286
0.331251495052,1.46923979326
0.350404327369,1.48531035014
0.369563263201,1.5013748035
0.388709992002,1.51744536038
0.407862824319,1.53351591726
0.427021760151,1.54958037063
0.446180695983,1.56563872048
0.4653335283,1.58170317384
0.484498567648,1.59775542017
0.503651399965,1.61381987354
0.522828646344,1.62986601636
0.54201199624,1.64589384863
0.561195346135,1.66192778441
0.580397006577,1.67793730613
0.599616977567,1.6939224138
0.618830845041,1.70991362497
0.638075230093,1.72588042208
0.65731351163,1.74184111568
0.676570103713,1.75778349873
0.695845006344,1.77370146772
0.715132116007,1.78961333319
0.734425329185,1.80550688811
0.753730749394,1.82139433952
0.773054480151,1.83725737687
0.792384314424,1.8531143107
0.811720252212,1.86895293398
0.831080604063,1.88477324672
0.850440955914,1.90059355945
0.869813514796,1.91639556164
0.889204384226,1.93217314977
0.908601357171,1.94793853086
0.928010537148,1.96370391196
0.94742582064,1.9794509825
0.966853311164,1.9951797425
0.986286905204,2.01091460602
1.00572660276,2.02662505547
1.02518461086,2.04232940141
1.04463651545,2.05802764383
1.06410673058,2.07371367922
1.08358304923,2.08939361109
1.10305936788,2.10506133594
1.12254179005,2.12072295726
1.14204252276,2.13637237156
1.16153715196,2.15202178586
1.18104398818,2.16765899312
1.20055692793,2.18328399335
1.2200820747,2.19889678655
1.23960722148,2.21451568327
1.25913847177,2.23011626944
1.27867582558,2.2457107521
1.2982192829,2.26131133827
1.31776274022,2.27689361389
1.33731840457,2.292469786
1.35687406893,2.3080459581
1.3764358368,2.32360992318
1.39600370818,2.33917388825
1.41557157957,2.35473174981
1.43514555447,2.37028350786
1.4547317364,2.38582305887
1.47431181482,2.4013687134
1.49389799675,2.41689605738
1.5134902822,2.43242340136
1.53308867116,2.44795074534
1.55269316364,2.46346588229
1.57229765612,2.47898101924
1.59190825212,2.49448394916
1.61151884811,2.50998687908
1.63113554763,2.525489809
1.65075835065,2.54098053189
1.67038115368,2.55647125477
1.69000395671,2.57196197766
1.70963896676,2.58744049352
1.72926787331,2.60291900937
1.74890288336,2.6183853182
1.76854399694,2.63385162702
1.78819121403,2.64931793584
1.80783843112,2.66477203764
1.82749175172,2.68022613943
1.84714507233,2.69568024122
1.86679839293,2.71112213598
1.88646392057,2.72656403075
1.90612944821,2.74200592551
1.92578887233,2.75743561324
1.94546050348,2.772877508
1.96513213463,2.7882949887
1.9848098693,2.80372467643
2.00448760397,2.81914215712
2.02416533864,2.83455963782
2.04385528034,2.84996491149
2.06353911852,2.86538239219
2.08322906022,2.88078766586
2.10292510544,2.89618073249
2.12261504714,2.91158600616
2.14231719587,2.92697907279
2.16201324108,2.94237213943
2.18171538981,2.95775299903
2.20142364206,2.97314606567
2.22113189431,2.98852692527
2.24084014655,3.00390778488
2.26056670935,3.01926423042
2.28028106511,3.03463288299
2.30000152439,3.05000153556
2.35000152513,3.10000153631
2.39028763771,3.11739397049
-0.899998523295,0.400001496077
-0.857975817591,0.437104768114
-0.840550280222,0.455030793772
-0.822795153004,0.472627229581
-0.804753160548,0.489930696635
-0.786644029418,0.507173128533
-0.768388413912,0.524250765506
-0.74999852106,0.541188021618
-0.731724595006,0.558247348044
-0.713310288091,0.575154086577
-0.694432113982,0.591542026275
-0.675846908627,0.608265659336
-0.657200668114,0.624922153725
-0.638304183458,0.641291782875
-0.619615218336,0.657893345623
-0.600883528603,0.67445218376
-0.581999250978,0.690834019942
-0.563255354215,0.707374547532
-0.544352766042,0.723738073166
-0.525474591933,0.740126012864
-0.506687970559,0.756617712328
-0.487791485903,0.772987341478
-0.468901104762,0.789363074144
-0.449955791979,0.805677771653
-0.431028789744,0.822010779709
-0.412113994541,0.838355994796
-0.393144267695,0.854640174726
-0.374198954913,0.870948768719
-0.355253642131,0.887263466228
-0.336271708254,0.903529335611
-0.317301981409,0.919813515541
-0.298283426438,0.93604276383
-0.279283182014,0.952290322666
-0.260295144622,0.968550088533
-0.24126438262,0.98476712979
-0.222251931164,1.00099637808
-0.203245583225,1.0172378334
-0.184208717707,1.03344266762
-0.16518405922,1.0496658124
-0.146128883155,1.06584623256
-0.127085914121,1.08203885976
-0.108049048603,1.09824369398
-0.0889816655067,1.11441801063
-0.0699325929572,1.13060453431
-0.0508835204078,1.1467971615
-0.0318100337954,1.16295927112
-0.0127426506988,1.17913358776
0.00634304294499,1.19527738683
0.025422633073,1.21142728942
0.0444961196854,1.22758939903
0.0635940203606,1.24372709459
0.0826797140044,1.25987089366
0.101789821711,1.27599027866
0.120893825902,1.2921218707
0.139991726577,1.30825346274
0.159107937799,1.32436064071
0.178218045506,1.34048002572
0.197328153213,1.35659941072
0.216450467951,1.37270048518
0.235566679173,1.38881376667
0.254707304458,1.40489653058
0.273835722712,1.42099150152
0.292964140966,1.43708647247
0.312110869767,1.45316313286
0.331251495052,1.46923979326
0.350404327369,1.48531035014
0.369563263201,1.5013748035
0.388709992002,1.51744536038
0.407862824319,1.53351591726
0.427021760151,1.54958037063
0.446180695983,1.56563872048
0.4653335283,1.58170317384
0.484498567648,1.59775542017
0.503651399965,1.61381987354
0.522828646344,1.62986601636
0.54201199624,1.64589384863
0.561195346135,1.66192778441
0.580397006577,1.67793730613
0.599616977567,1.6939224138
0.618830845041,1.70991362497
0.638075230093,1.72588042208
0.65731351163,1.74184111568
0.676570103713,1.75778349873
0.695845006344,1.77370146772
0.715132116007,1.78961333319
0.734425329185,1.80550688811
0.753730749394,1.82139433952
0.773054480151,1.83725737687
0.792384314424,1.8531143107
0.811720252212,1.86895293398
0.831080604063,1.88477324672
0.850440955914,1.90059355945
0.869813514796,1.91639556164
0.889204384226,1.93217314977
0.908601357171,1.94793853086
0.928010537148,1.96370391196
0.94742582064,1.9794509825
0.966853311164,1.9951797425
0.986286905204,2.01091460602
1.00572660276,2.02662505547
1.02518461086,2.04232940141
1.04463651545,2.05802764383
1.06410673058,2.07371367922
1.08358304923,2.08939361109
1.10305936788,2.10506133594
1.12254179005,2.12072295726
1.14204252276,2.13637237156
1.16153715196,2.15202178586
1.18104398818,2.16765899312
1.20055692793,2.18328399335
1.2200820747,2.19889678655
1.23960722148,2.21451568327
1.25913847177,2.23011626944
1.27867582558,2.2457107521
1.2982192829,2.26131133827
1.31776274022,2.27689361389
1.33731840457,2.292469786
1.35687406893,2.3080459581
1.3764358368,2.32360992318
1.39600370818,2.33917388825
1.41557157957,2.35473174981
1.43514555447,2.37028350786
1.4547317364,2.38582305887
1.47431181482,2.4013687134
1.49389799675,2.41689605738
1.5134902822,2.43242340136
1.53308867116,2.44795074534
1.55269316364,2.46346588229
1.57229765612,2.47898101924
1.59190825212,2.49448394916
1.61151884811,2.50998687908
1.63113554763,2.525489809
1.65075835065,2.54098053189
1.67038115368,2.55647125477
1.69000395671,2.57196197766
1.70963896676,2.58744049352
1.72926787331,2.60291900937
1.74890288336,2.6183853182
1.76854399694,2.63385162702
1.78819121403,2.64931793584
1.80783843112,2.66477203764
1.82749175172,2.68022613943
1.84714507233,2.69568024122
1.86679839293,2.71112213598
1.88646392057,2.72656403075
1.90612944821,2.74200592551
1.92578887233,2.75743561324
1.94546050348,2.772877508
1.96513213463,2.7882949887
1.9848098693,2.80372467643
2.00448760397,2.81914215712
2.02416533864,2.83455963782
2.04385528034,2.84996491149
2.06353911852,2.86538239219
2.08322906022,2.88078766586
2.10292510544,2.89618073249
2.12261504714,2.91158600616
2.14231719587,2.92697907279
2.16201324108,2.94237213943
2.18171538981,2.95775299903
2.20142364206,2.97314606567
2.22113189431,2.98852692527
2.24084014655,3.00390778488
2.26056670935,3.01926423042
2.28028106511,3.03463288299
2.30000152439,3.05000153556
2.35000152513,3.10000153631
-0.899998523295,0.400001496077
-0.857975817591,0.437104768114
-0.840550280222,0.455030793772
-0.822795153004,0.472627229581
-0.804753160548,0.489930696635
-0.786644029418,0.507173128533
-0.768388413912,0.524250765506
-0.74999852106,0.541188021618
-0.731724595006,0.558247348044
-0.713310288091,0.575154086577
-0.694432113982,0.591542026275
-0.675846908627,0.608265659336
-0.657200668114,0.624922153725
-0.638304183458,0.641291782875
-0.619615218336,0.657893345623
-0.600883528603,0.67445218376
-0.581999250978,0.690834019942
-0.563255354215,0.707374547532
-0.544352766042,0.723738073166
-0.525474591933,0.740126012864
-0.506687970559,0.756617712328
-0.487791485903,0.772987341478
-0.468901104762,0.789363074144
-0.449955791979,0.805677771653
-0.431028789744,0.822010779709
-0.412113994541,0.838355994796
-0.393144267695,0.854640174726
-0.374198954913,0.870948768719
-0.355253642131,0.887263466228
-0.336271708254,0.903529335611
-0.317301981409,0.919813515541
-0.298283426438,0.93604276383
-0.279283182014,0.952290322666
-0.260295144622,0.968550088533
-0.24126438262,0.98476712979
-0.222251931164,1.00099637808
-0.203245583225,1.0172378334
-0.184208717707,1.03344266762
-0.16518405922,1.0496658124
-0.146128883155,1.06584623256
-0.127085914121,1.08203885976
-0.108049048603,1.09824369398
-0.0889816655067,1.11441801063
-0.0699325929572,1.13060453431
-0.0508835204078,1.1467971615
-0.0318100337954,1.16295927112
-0.0127426506988,1.17913358776
0.00634304294499,1.19527738683
0.025422633073,1.21142728942
0.0444961196854,1.22758939903
0.0635940203606,1.24372709459
0.0826797140044,1.25987089366
0.101789821711,1.27599027866
0.120893825902,1.2921218707
0.139991726577,1.30825346274
0.159107937799,1.32436064071
0.178218045506,1.34048002572
0.197328153213,1.35659941072
0.216450467951,1.37270048518
0.235566679173,1.38881376667
0.254707304458,1.40489653058
0.273835722712,1.42099150152
0.292964140966,1.43708647247
0.312110869767,1.45316313286
0.331251495052,1.46923979326
0.350404327369,1.48531035014
0.369563263201,1.5013748035
0.388709992002,1.51744536038
0.407862824319,1.53351591726
0.427021760151,1.54958037063
0.446180695983,1.56563872048
0.4653335283,1.58170317384
0.484498567648,1.59775542017
0.503651399965,1.61381987354
0.522828646344,1.62986601636
0.54201199624,1.64589384863
0.561195346135,1.66192778441
0.580397006577,1.67793730613
0.599616977567,1.6939224138
0.618830845041,1.70991362497
0.638075230093,1.72588042208
0.65731351163,1.74184111568
0.676570103713,1.75778349873
0.695845006344,1.77370146772
0.715132116007,1.78961333319
0.734425329185,1.80550688811
0.753730749394,1.82139433952
0.773054480151,1.83725737687
0.792384314424,1.8531143107
0.811720252212,1.86895293398
0.831080604063,1.88477324672
0.850440955914,1.90059355945
0.869813514796,1.91639556164
0.889204384226,1.93217314977
0.908601357171,1.94793853086
0.928010537148,1.96370391196
0.94742582064,1.9794509825
0.966853311164,1.9951797425
0.986286905204,2.01091460602
1.00572660276,2.02662505547
1.02518461086,2.04232940141
1.04463651545,2.05802764383
1.06410673058,2.07371367922
1.08358304923,2.08939361109
1.10305936788,2.10506133594
1.12254179005,2.12072295726
1.14204252276,2.13637237156
1.16153715196,2.15202178586
1.18104398818,2.16765899312
1.20055692793,2.18328399335
1.2200820747,2.19889678655
1.23960722148,2.21451568327
1.25913847177,2.23011626944
1.27867582558,2.2457107521
1.2982192829,2.26131133827
1.31776274022,2.27689361389
1.33731840457,2.292469786
1.35687406893,2.3080459581
1.3764358368,2.32360992318
1.39600370818,2.33917388825
1.41557157957,2.35473174981
1.43514555447,2.37028350786
1.4547317364,2.38582305887
1.47431181482,2.4013687134
1.49389799675,2.41689605738
1.5134902822,2.43242340136
1.53308867116,2.44795074534
1.55269316364,2.46346588229
1.57229765612,2.47898101924
1.59190825212,2.49448394916
1.61151884811,2.50998687908
1.63113554763,2.525489809
1.65075835065,2.54098053189
1.67038115368,2.55647125477
1.69000395671,2.57196197766
1.70963896676,2.58744049352
1.72926787331,2.60291900937
1.74890288336,2.6183853182
1.76854399694,2.63385162702
1.78819121403,2.64931793584
1.80783843112,2.66477203764
1.82749175172,2.68022613943
1.84714507233,2.69568024122
1.86679839293,2.71112213598
1.88646392057,2.72656403075
1.90612944821,2.74200592551
1.92578887233,2.75743561324
1.94546050348,2.772877508
1.96513213463,2.7882949887
1.9848098693,2.80372467643
2.00448760397,2.81914215712
2.02416533864,2.83455963782
2.04385528034,2.84996491149
2.06353911852,2.86538239219
2.08322906022,2.88078766586
2.10292510544,2.89618073249
2.12261504714,2.91158600616
2.14231719587,2.92697907279
2.16201324108,2.94237213943
2.18171538981,2.95775299903
2.20142364206,2.97314606567
2.22113189431,2.98852692527
2.24084014655,3.00390778488
2.26056670935,3.01926423042
2.28028106511,3.03463288299
2.30000152439,3.05000153556
2.35000152513,3.10000153631
2.39028763771,3.11739397049
-0.899998523295,0.400001496077
-0.857975817591,0.437104768114
-0.840550280222,0.455030793772
-0.822795153004,0.472627229581
-0.804753160548,0.489930696635
-0.786644029418,0.507173128533
-0.768388413912,0.524250765506
-0.74999852106,0.541188021618
-0.731724595006,0.558247348044
-0.713310288091,0.575154086577
-0.694432113982,0.591542026275
-0.675846908627,0.608265659336
-0.657200668114,0.624922153725
-0.638304183458,0.641291782875
-0.619615218336,0.657893345623
-0.600883528603,0.67445218376
-0.581999250978,0.690834019942
-0.563255354215,0.707374547532
-0.544352766042,0.723738073166
-0.525474591933,0.740126012864
-0.506687970559,0.756617712328
-0.487791485903,0.772987341478
-0.468901104762,0.789363074144
-0.449955791979,0.805677771653
-0.431028789744,0.822010779709
-0.412113994541,0.838355994796
-0.393144267695,0.854640174726
-0.374198954913,0.870948768719
-0.355253642131,0.887263466228
-0.336271708254,0.903529335611
-0.317301981409,0.919813515541
-0.298283426438,0.93604276383
-0.279283182014,0.952290322666
-0.260295144622,0.968550088533
-0.24126438262,0.98476712979
-0.222251931164,1.00099637808
-0.203245583225,1.0172378334
-0.184208717707,1.03344266762
-0.16518405922,1.0496658124
-0.146128883155,1.06584623256
-0.127085914121,1.08203885976
-0.108049048603,1.09824369398
-0.0889816655067,1.11441801063
-0.0699325929572,1.13060453431
-0.0508835204078,1.1467971615
-0.0318100337954,1.16295927112
-0.0127426506988,1.17913358776
0.00634304294499,1.19527738683
0.025422633073,1.21142728942
0.0444961196854,1.22758939903
0.0635940203606,1.24372709459
0.0826797140044,1.25987089366
0.101789821711,1.27599027866
0.120893825902,1.2921218707
0.139991726577,1.30825346274
0.159107937799,1.32436064071
0.178218045506,1.34048002572
0.197328153213,1.35659941072
0.216450467951,1.37270048518
0.235566679173,1.38881376667
0.254707304458,1.40489653058
0.273835722712,1.42099150152
0.292964140966,1.43708647247
0.312110869767,1.45316313286
0.331251495052,1.46923979326
0.350404327369,1.48531035014
0.369563263201,1.5013748035
0.388709992002,1.51744536038
0.407862824319,1.53351591726
0.427021760151,1.54958037063
0.446180695983,1.56563872048
0.4653335283,1.58170317384
0.484498567648,1.59775542017
0.503651399965,1.61381987354
0.522828646344,1.62986601636
0.54201199624,1.64589384863
0.561195346135,1.66192778441
0.580397006577,1.67793730613
0.599616977567,1.6939224138
0.618830845041,1.70991362497
0.638075230093,1.72588042208
0.65731351163,1.74184111568
0.676570103713,1.75778349873
0.695845006344,1.77370146772
0.715132116007,1.78961333319
0.734425329185,1.80550688811
0.753730749394,1.82139433952
0.773054480151,1.83725737687
0.792384314424,1.8531143107
0.811720252212,1.86895293398
0.831080604063,1.88477324672
0.850440955914,1.90059355945
0.869813514796,1.91639556164
0.889204384226,1.93217314977
0.908601357171,1.94793853086
0.928010537148,1.96370391196
0.94742582064,1.9794509825
0.966853311164,1.9951797425
0.986286905204,2.01091460602
1.00572660276,2.02662505547
1.02518461086,2.04232940141
1.04463651545,2.05802764383
1.06410673058,2.07371367922
1.08358304923,2.08939361109
1.10305936788,2.10506133594
1.12254179005,2.12072295726
1.14204252276,2.13637237156
1.16153715196,2.15202178586
1.18104398818,2.16765899312
1.20055692793,2.18328399335
1.2200820747,2.19889678655
1.23960722148,2.21451568327
1.25913847177,2.23011626944
1.27867582558,2.2457107521
1.2982192829,2.26131133827
1.31776274022,2.27689361389
1.33731840457,2.292469786
1.35687406893,2.3080459581
1.3764358368,2.32360992318
1.39600370818,2.33917388825
1.41557157957,2.35473174981
1.43514555447,2.37028350786
1.4547317364,2.38582305887
1.47431181482,2.4013687134
1.49389799675,2.41689605738
1.5134902822,2.43242340136
1.53308867116,2.44795074534
1.55269316364,2.46346588229
1.57229765612,2.47898101924
1.59190825212,2.49448394916
1.61151884811,2.50998687908
1.63113554763,2.525489809
1.65075835065,2.54098053189
1.67038115368,2.55647125477
1.69000395671,2.57196197766
1.70963896676,2.58744049352
1.72926787331,2.60291900937
1.74890288336,2.6183853182
1.76854399694,2.63385162702
1.78819121403,2.64931793584
1.80783843112,2.66477203764
1.82749175172,2.68022613943
1.84714507233,2.69568024122
1.86679839293,2.71112213598
1.88646392057,2.72656403075
1.90612944821,2.74200592551
1.92578887233,2.75743561324
1.94546050348,2.772877508
1.96513213463,2.7882949887
1.9848098693,2.80372467643
2.00448760397,2.81914215712
2.02416533864,2.83455963782
2.04385528034,2.84996491149
2.06353911852,2.86538239219
2.08322906022,2.88078766586
2.10292510544,2.89618073249
2.12261504714,2.91158600616
2.14231719587,2.92697907279
2.16201324108,2.94237213943
2.18171538981,2.95775299903
2.20142364206,2.97314606567
2.22113189431,2.98852692527
2.24084014655,3.00390778488
2.26056670935,3.01926423042
2.28028106511,3.03463288299
2.30000152439,3.05000153556
2.35000152513,3.10000153631
-0.899998523295,0.400001496077
-0.857975817591,0.437104768114
-0.840550280222,0.455030793772
-0.822795153004,0.472627229581
-0.804753160548,0.489930696635
-0.786644029418,0.507173128533
-0.768388413912,0.524250765506
-0.74999852106,0.541188021618
-0.731724595006,0.558247348044
-0.713310288091,0.575154086577
-0.694432113982,0.591542026275
-0.675846908627,0.608265659336
-0.657200668114,0.624922153725
-0.638304183458,0.641291782875
-0.619615218336,0.657893345623
-0.600883528603,0.67445218376
-0.581999250978,0.690834019942
-0.563255354215,0.707374547532
-0.544352766042,0.723738073166
-0.525474591933,0.740126012864
-0.506687970559,0.756617712328
-0.487791485903,0.772987341478
-0.468901104762,0.789363074144
-0.449955791979,0.805677771653
-0.431028789744,0.822010779709
-0.412113994541,0.838355994796
-0.393144267695,0.854640174726
-0.374198954913,0.870948768719
-0.355253642131,0.887263466228
-0.336271708254,0.903529335611
-0.317301981409,0.919813515541
-0.298283426438,0.93604276383
-0.279283182014,0.952290322666
-0.260295144622,0.968550088533
-0.24126438262,0.98476712979
-0.222251931164,1.00099637808
-0.203245583225,1.0172378334
-0.184208717707,1.03344266762
-0.16518405922,1.0496658124
-0.146128883155,1.06584623256
-0.127085914121,1.08203885976
-0.108049048603,1.09824369398
-0.0889816655067,1.11441801063
-0.0699325929572,1.13060453431
-0.0508835204078,1.1467971615
-0.0318100337954,1.16295927112
-0.0127426506988,1.17913358776
0.00634304294499,1.19527738683
0.025422633073,1.21142728942
0.0444961196854,1.22758939903
0.0635940203606,1.24372709459
0.0826797140044,1.25987089366
0.101789821711,1.27599027866
0.120893825902,1.2921218707
0.139991726577,1.30825346274
0.159107937799,1.32436064071
0.178218045506,1.34048002572
0.197328153213,1.35659941072
0.216450467951,1.37270048518
0.235566679173,1.38881376667
0.254707304458,1.40489653058
0.273835722712,1.42099150152
0.292964140966,1.43708647247
0.312110869767,1.45316313286
0.331251495052,1.46923979326
0.350404327369,1.48531035014
0.369563263201,1.5013748035
0.388709992002,1.51744536038
0.407862824319,1.53351591726
0.427021760151,1.54958037063
0.446180695983,1.56563872048
0.4653335283,1.58170317384
0.484498567648,1.59775542017
0.503651399965,1.61381987354
0.522828646344,1.62986601636
0.54201199624,1.64589384863
0.561195346135,1.66192778441
0.580397006577,1.67793730613
0.599616977567,1.6939224138
0.618830845041,1.70991362497
0.638075230093,1.72588042208
0.65731351163,1.74184111568
0.676570103713,1.75778349873
0.695845006344,1.77370146772
0.715132116007,1.78961333319
0.734425329185,1.80550688811
0.753730749394,1.82139433952
0.773054480151,1.83725737687
0.792384314424,1.8531143107
0.811720252212,1.86895293398
0.831080604063,1.88477324672
0.850440955914,1.90059355945
0.869813514796,1.91639556164
0.889204384226,1.93217314977
0.908601357171,1.94793853086
0.928010537148,1.96370391196
0.94742582064,1.9794509825
0.966853311164,1.9951797425
0.986286905204,2.01091460602
1.00572660276,2.02662505547
1.02518461086,2.04232940141
1.04463651545,2.05802764383
1.06410673058,2.07371367922
1.08358304923,2.08939361109
1.10305936788,2.10506133594
1.12254179005,2.12072295726
1.14204252276,2.13637237156
1.16153715196,2.15202178586
1.18104398818,2.16765899312
1.20055692793,2.18328399335
1.2200820747,2.19889678655
1.23960722148,2.21451568327
1.25913847177,2.23011626944
1.27867582558,2.2457107521
1.2982192829,2.26131133827
1.31776274022,2.27689361389
1.33731840457,2.292469786
1.35687406893,2.3080459581
1.3764358368,2.32360992318
1.39600370818,2.33917388825
1.41557157957,2.35473174981
1.43514555447,2.37028350786
1.4547317364,2.38582305887
1.47431181482,2.4013687134
1.49389799675,2.41689605738
1.5134902822,2.43242340136
1.53308867116,2.44795074534
1.55269316364,2.46346588229
1.57229765612,2.47898101924
1.59190825212,2.49448394916
1.61151884811,2.50998687908
1.63113554763,2.525489809
1.65075835065,2.54098053189
1.67038115368,2.55647125477
1.69000395671,2.57196197766
1.70963896676,2.58744049352
1.72926787331,2.60291900937
1.74890288336,2.6183853182
1.76854399694,2.63385162702
1.78819121403,2.64931793584
1.80783843112,2.66477203764
1.82749175172,2.68022613943
1.84714507233,2.69568024122
1.86679839293,2.71112213598
1.88646392057,2.72656403075
1.90612944821,2.74200592551
1.92578887233,2.75743561324
1.94546050348,2.772877508
1.96513213463,2.7882949887
1.9848098693,2.80372467643
2.00448760397,2.81914215712
2.02416533864,2.83455963782
2.04385528034,2.84996491149
2.06353911852,2.86538239219
2.08322906022,2.88078766586
2.10292510544,2.89618073249
2.12261504714,2.91158600616
2.14231719587,2.92697907279
2.16201324108,2.94237213943
2.18171538981,2.95775299903
2.20142364206,2.97314606567
2.22113189431,2.98852692527
2.24084014655,3.00390778488
2.26056670935,3.01926423042
2.28028106511,3.03463288299
2.30000152439,3.05000153556
2.35000152513,3.10000153631
2.39028763771,3.11739397049
-0.899998523295,0.400001496077
-0.85997166723,0.441834992794
-0.842869616194,0.460072297753
-0.825468492887,0.478022737474
-0.807823228953,0.495735140081
-0.790055894704,0.513319368859
-0.77216649014,0.530781527322
-0.754173325809,0.548139926018
-0.736259507183,0.565577670419
-0.718223618243,0.582887240989
-0.700425766415,0.600447055704
-0.682243393097,0.617604038382
-0.664024398685,0.634724399965
-0.645756576147,0.651795933422
-0.627476546578,0.668849156333
-0.609184309977,0.685884068696
-0.590867659314,0.702900670512
-0.572544905134,0.719911168812
-0.554209943924,0.736909460081
-0.535868879197,0.753895544319
-0.517521710955,0.770875525041
-0.499369855216,0.788069128812
-0.481132550256,0.805165076333
-0.462815899593,0.822175574633
-0.444694561432,0.839399695984
-0.426402324832,0.856440711862
-0.407988017917,0.873347450396
-0.389457744203,0.890132118614
-0.370921366974,0.906910683318
-0.35230564404,0.923597695285
-0.333641092981,0.940229775611
-0.31496433489,0.95684354539
-0.296232645157,0.973402383527
-0.277427713237,0.989875772445
-0.258610574284,1.00633695433
-0.239701882596,1.02268827293
-0.220750466298,1.03899686693
-0.201811257032,1.05531156444
-0.182798805577,1.07154081272
-0.163755836543,1.08774564695
-0.144694556962,1.1039199636
-0.125608863318,1.12006986618
-0.106510962643,1.13620145822
-0.0873886479048,1.15230863619
-0.0682602296511,1.16840360714
-0.0490890867873,1.18444974995
-0.0299301509549,1.2005080998
-0.0107590080911,1.21655424262
0.00844265235128,1.23256376434
0.0276504163094,1.24856107903
0.0468581802675,1.26457060076
0.0660903582884,1.28054350139
0.0853286398251,1.2965102985
0.104579128393,1.31245268155
0.123835720477,1.3283950646
0.143098416077,1.34433134413
0.162373318708,1.36024931312
0.181654324854,1.37616728211
0.200959745064,1.39204863
0.220259061758,1.40794828844
0.239558378451,1.42383573985
0.258876005692,1.43970488071
0.278193632933,1.45557402157
0.297511260174,1.47144926595
0.316841094447,1.48729399275
0.336177032235,1.50314482306
0.355525177054,1.51897734283
0.374873321874,1.5348098626
0.394215363178,1.55064238236
0.413575715029,1.5664626951
0.43293606688,1.58227690432
0.452302522247,1.59808501002
0.471675081129,1.61389311573
0.491047640011,1.62969511792
0.51042630241,1.64548491307
0.529811068323,1.66127470823
0.549201937753,1.67705229636
0.568598910698,1.69282378097
0.588001987159,1.70858916206
0.60740506362,1.72435454315
0.626826450628,1.74009551019
0.646253941152,1.7558303737
0.665687535192,1.7715591337
0.685139439779,1.78726958315
0.70458524085,1.80297392909
0.724049352468,1.818666068
0.743525671117,1.83433989636
0.763001989767,1.85001372471
0.782490515448,1.86566924253
0.801997351676,1.88131255331
0.82151029142,1.89693755354
0.84102933468,1.91256255377
0.860554481455,1.92816924346
0.880091835262,1.94376372611
0.899635292584,1.95935820877
0.919184853422,1.97494048439
0.938746621292,1.99051055298
0.958308389162,2.00607451806
0.977876260547,2.02163237962
0.997456338964,2.03717803414
1.0170425209,2.05271758516
1.03662870283,2.06825103265
1.05623319531,2.0837661696
1.07583768779,2.09927520304
1.09544828378,2.11478423647
1.11506498329,2.13028106288
1.13468778632,2.14577178576
1.15431058935,2.16126250865
1.17394559941,2.17673492099
1.19358671298,2.19220733333
1.21322782655,2.20767364215
1.23287504364,2.22313384746
1.25252836425,2.23858184574
1.27218778837,2.25402984402
1.29184721249,2.26946563526
1.31151884364,2.28489532299
1.3311904748,2.30032501072
1.35086820946,2.31574859494
1.37055204765,2.33115997212
1.39024198935,2.34655914227
1.40993803456,2.36196441594
1.42963407978,2.37735748257
1.44934233203,2.39274444569
1.46904448076,2.40813140881
1.488752733,2.42350006139
1.50847319228,2.43886871396
1.52819365156,2.45423736653
1.54791411084,2.4696060191
1.56764677715,2.48496246464
1.58737333994,2.50030670315
1.60711210977,2.51565094166
1.62685087959,2.53099518017
1.64659575293,2.54632721165
1.66634672979,2.56165924313
1.68609770665,2.57699127461
1.70585478702,2.59229889203
1.72561186739,2.60761871647
1.74537505128,2.62293854092
1.76514433868,2.6382339513
1.78490752257,2.65354156872
1.80468291349,2.6688369791
1.82445830441,2.68413238949
1.84423979885,2.69942779987
1.86402129328,2.71471100322
1.88380889123,2.72999420658
1.90359648919,2.7452652029
1.92339019065,2.76053619922
1.94318389212,2.77580719554
1.9629836971,2.79107819186
1.98278350208,2.80633698115
2.00258330707,2.82159577044
2.02239531908,2.83685455973
2.04220122758,2.85210114199
2.06201323959,2.86734772425
2.08183135512,2.88259430651
2.10164947065,2.89782868173
2.1214736897,2.91306305696
2.14129790874,2.92829743219
2.16112212779,2.94351960038
2.18095245035,2.95875397561
2.20078277291,2.97396393678
2.22061919899,2.98918610497
2.24045562506,3.00439606614
2.26031036169,3.01959382027
2.28015289128,3.03480378143
2.30000152439,3.05000153556
2.35000152513,3.10000153631
-0.899998523295,0.400001496077
-0.85997166723,0.441834992794
-0.842869616194,0.460072297753
-0.825468492887,0.478022737474
-0.807823228953,0.495735140081
-0.790055894704,0.513319368859
-0.77216649014,0.530781527322
-0.754173325809,0.548139926018
-0.736259507183,0.565577670419
-0.718223618243,0.582887240989
-0.700425766415,0.600447055704
-0.682243393097,0.617604038382
-0.664024398685,0.634724399965
-0.645756576147,0.651795933422
-0.627476546578,0.668849156333
-0.609184309977,0.685884068696
-0.590867659314,0.702900670512
-0.572544905134,0.719911168812
-0.554209943924,0.736909460081
-0.535868879197,0.753895544319
-0.517521710955,0.770875525041
-0.499369855216,0.788069128812
-0.481132550256,0.805165076333
-0.462815899593,0.822175574633
-0.444694561432,0.839399695984
-0.426402324832,0.856440711862
-0.407988017917,0.873347450396
-0.389457744203,0.890132118614
-0.370921366974,0.906910683318
-0.35230564404,0.923597695285
-0.333641092981,0.940229775611
-0.31496433489,0.95684354539
-0.296232645157,0.973402383527
-0.277427713237,0.989875772445
-0.258610574284,1.00633695433
-0.239701882596,1.02268827293
-0.220750466298,1.03899686693
-0.201811257032,1.05531156444
-0.182798805577,1.07154081272
-0.163755836543,1.08774564695
-0.144694556962,1.1039199636
-0.125608863318,1.12006986618
-0.106510962643,1.13620145822
-0.0873886479048,1.15230863619
-0.0682602296511,1.16840360714
-0.0490890867873,1.18444974995
-0.0299301509549,1.2005080998
-0.0107590080911,1.21655424262
0.00844265235128,1.23256376434
0.0276504163094,1.24856107903
0.0468581802675,1.26457060076
0.0660903582884,1.28054350139
0.0853286398251,1.2965102985
0.104579128393,1.31245268155
0.123835720477,1.3283950646
0.143098416077,1.34433134413
0.162373318708,1.36024931312
0.181654324854,1.37616728211
0.200959745064,1.39204863
0.220259061758,1.40794828844
0.239558378451,1.42383573985
0.258876005692,1.43970488071
0.278193632933,1.45557402157
0.297511260174,1.47144926595
0.316841094447,1.48729399275
0.336177032235,1.50314482306
0.355525177054,1.51897734283
0.374873321874,1.5348098626
0.394215363178,1.55064238236
0.413575715029,1.5664626951
0.43293606688,1.58227690432
0.452302522247,1.59808501002
0.471675081129,1.61389311573
0.491047640011,1.62969511792
0.51042630241,1.64548491307
0.529811068323,1.66127470823
0.549201937753,1.67705229636
0.568598910698,1.69282378097
0.588001987159,1.70858916206
0.60740506362,1.72435454315
0.626826450628,1.74009551019
0.646253941152,1.7558303737
0.665687535192,1.7715591337
0.685139439779,1.78726958315
0.70458524085,1.80297392909
0.724049352468,1.818666068
0.743525671117,1.83433989636
0.763001989767,1.85001372471
0.782490515448,1.86566924253
0.801997351676,1.88131255331
0.82151029142,1.89693755354
0.84102933468,1.91256255377
0.860554481455,1.92816924346
0.880091835262,1.94376372611
0.899635292584,1.95935820877
0.919184853422,1.97494048439
0.938746621292,1.99051055298
0.958308389162,2.00607451806
0.977876260547,2.02163237962
0.997456338964,2.03717803414
1.0170425209,2.05271758516
1.03662870283,2.06825103265
1.05623319531,2.0837661696
1.07583768779,2.09927520304
1.09544828378,2.11478423647
1.11506498329,2.13028106288
1.13468778632,2.14577178576
1.15431058935,2.16126250865
1.17394559941,2.17673492099
1.19358671298,2.19220733333
1.21322782655,2.20767364215
1.23287504364,2.22313384746
1.25252836425,2.23858184574
1.27218778837,2.25402984402
1.29184721249,2.26946563526
1.31151884364,2.28489532299
1.3311904748,2.30032501072
1.35086820946,2.31574859494
1.37055204765,2.33115997212
1.39024198935,2.34655914227
1.40993803456,2.36196441594
1.42963407978,2.37735748257
1.44934233203,2.39274444569
1.46904448076,2.40813140881
1.488752733,2.42350006139
1.50847319228,2.43886871396
1.52819365156,2.45423736653
1.54791411084,2.4696060191
1.56764677715,2.48496246464
1.58737333994,2.50030670315
1.60711210977,2.51565094166
1.62685087959,2.53099518017
1.64659575293,2.54632721165
1.66634672979,2.56165924313
1.68609770665,2.57699127461
1.70585478702,2.59229889203
1.72561186739,2.60761871647
1.74537505128,2.62293854092
1.76514433868,2.6382339513
1.78490752257,2.65354156872
1.80468291349,2.6688369791
1.82445830441,2.68413238949
1.84423979885,2.69942779987
1.86402129328,2.71471100322
1.88380889123,2.72999420658
1.90359648919,2.7452652029
1.92339019065,2.76053619922
1.94318389212,2.77580719554
1.9629836971,2.79107819186
1.98278350208,2.80633698115
2.00258330707,2.82159577044
2.02239531908,2.83685455973
2.04220122758,2.85210114199
2.06201323959,2.86734772425
2.08183135512,2.88259430651
2.10164947065,2.89782868173
2.1214736897,2.91306305696
2.14129790874,2.92829743219
2.16112212779,2.94351960038
2.18095245035,2.95875397561
2.20078277291,2.97396393678
2.22061919899,2.98918610497
2.24045562506,3.00439606614
2.26031036169,3.01959382027
2.28015289128,3.03480378143
2.30000152439,3.05000153556
2.35000152513,3.10000153631
2.39028763771,3.11739397049
-0.899998523295,0.400001496077
-0.85997166723,0.441834992794
-0.842869616194,0.460072297753
-0.825468492887,0.478022737474
-0.807823228953,0.495735140081
-0.790055894704,0.513319368859
-0.77216649014,0.530781527322
-0.754173325809,0.548139926018
-0.736259507183,0.565577670419
-0.718223618243,0.582887240989
-0.700425766415,0.600447055704
-0.682243393097,0.617604038382
-0.664024398685,0.634724399965
-0.645756576147,0.651795933422
-0.627476546578,0.668849156333
-0.609184309977,0.685884068696
-0.590867659314,0.702900670512
-0.572544905134,0.719911168812
-0.554209943924,0.736909460081
-0.535868879197,0.753895544319
-0.517521710955,0.770875525041
-0.499369855216,0.788069128812
-0.481132550256,0.805165076333
-0.462815899593,0.822175574633
-0.444694561432,0.839399695984
-0.426402324832,0.856440711862
-0.407988017917,0.873347450396
-0.389457744203,0.890132118614
-0.370921366974,0.906910683318
-0.35230564404,0.923597695285
-0.333641092981,0.940229775611
-0.31496433489,0.95684354539
-0.296232645157,0.973402383527
-0.277427713237,0.989875772445
-0.258610574284,1.00633695433
-0.239701882596,1.02268827293
-0.220750466298,1.03899686693
-0.201811257032,1.05531156444
-0.182798805577,1.07154081272
-0.163755836543,1.08774564695
-0.144694556962,1.1039199636
-0.125608863318,1.12006986618
-0.106510962643,1.13620145822
-0.0873886479048,1.15230863619
-0.0682602296511,1.16840360714
-0.0490890867873,1.18444974995
-0.0299301509549,1.2005080998
-0.0107590080911,1.21655424262
0.00844265235128,1.23256376434
0.0276504163094,1.24856107903
0.0468581802675,1.26457060076
0.0660903582884,1.28054350139
0.0853286398251,1.2965102985
0.104579128393,1.31245268155
0.123835720477,1.3283950646
0.143098416077,1.34433134413
0.162373318708,1.36024931312
0.181654324854,1.37616728211
0.200959745064,1.39204863
0.220259061758,1.40794828844
0.239558378451,1.42383573985
0.258876005692,1.43970488071
0.278193632933,1.45557402157
0.297511260174,1.47144926595
0.316841094447,1.48729399275
0.336177032235,1.50314482306
0.355525177054,1.51897734283
0.374873321874,1.5348098626
0.394215363178,1.55064238236
0.413575715029,1.5664626951
0.43293606688,1.58227690432
0.452302522247,1.59808501002
0.471675081129,1.61389311573
0.491047640011,1.62969511792
0.51042630241,1.64548491307
0.529811068323,1.66127470823
0.549201937753,1.67705229636
0.568598910698,1.69282378097
0.588001987159,1.70858916206
0.60740506362,1.72435454315
0.626826450628,1.74009551019
0.646253941152,1.7558303737
0.665687535192,1.7715591337
0.685139439779,1.78726958315
0.70458524085,1.80297392909
0.724049352468,1.818666068
0.743525671117,1.83433989636
0.763001989767,1.85001372471
0.782490515448,1.86566924253
0.801997351676,1.88131255331
0.82151029142,1.89693755354
0.84102933468,1.91256255377
0.860554481455,1.92816924346
0.880091835262,1.94376372611
0.899635292584,1.95935820877
0.919184853422,1.97494048439
0.938746621292,1.99051055298
0.958308389162,2.00607451806
0.977876260547,2.02163237962
0.997456338964,2.03717803414
1.0170425209,2.05271758516
1.03662870283,2.06825103265
1.05623319531,2.0837661696
1.07583768779,2.09927520304
1.09544828378,2.11478423647
1.11506498329,2.13028106288
1.13468778632,2.14577178576
1.15431058935,2.16126250865
1.17394559941,2.17673492099
1.19358671298,2.19220733333
1.21322782655,2.20767364215
1.23287504364,2.22313384746
1.25252836425,2.23858184574
1.27218778837,2.25402984402
1.29184721249,2.26946563526
1.31151884364,2.28489532299
1.3311904748,2.30032501072
1.35086820946,2.31574859494
1.37055204765,2.33115997212
1.39024198935,2.34655914227
1.40993803456,2.36196441594
1.42963407978,2.37735748257
1.44934233203,2.39274444569
1.46904448076,2.40813140881
1.488752733,2.42350006139
1.50847319228,2.43886871396
1.52819365156,2.45423736653
1.54791411084,2.4696060191
1.56764677715,2.48496246464
1.58737333994,2.50030670315
1.60711210977,2.51565094166
1.62685087959,2.53099518017
1.64659575293,2.54632721165
1.66634672979,2.56165924313
1.68609770665,2.57699127461
1.70585478702,2.59229889203
1.72561186739,2.60761871647
1.74537505128,2.62293854092
1.76514433868,2.6382339513
1.78490752257,2.65354156872
1.80468291349,2.6688369791
1.82445830441,2.68413238949
1.84423979885,2.69942779987
1.86402129328,2.71471100322
1.88380889123,2.72999420658
1.90359648919,2.7452652029
1.92339019065,2.76053619922
1.94318389212,2.77580719554
1.9629836971,2.79107819186
1.98278350208,2.80633698115
2.00258330707,2.82159577044
2.02239531908,2.83685455973
2.04220122758,2.85210114199
2.06201323959,2.86734772425
2.08183135512,2.88259430651
2.10164947065,2.89782868173
2.1214736897,2.91306305696
2.14129790874,2.92829743219
2.16112212779,2.94351960038
2.18095245035,2.95875397561
2.20078277291,2.97396393678
2.22061919899,2.98918610497
2.24045562506,3.00439606614
2.26031036169,3.01959382027
2.28015289128,3.03480378143
2.30000152439,3.05000153556
2.35000152513,3.10000153631
-0.899998523295,0.400001496077
-0.85997166723,0.441834992794
-0.842869616194,0.460072297753
-0.825468492887,0.478022737474
-0.807823228953,0.495735140081
-0.790055894704,0.513319368859
-0.77216649014,0.530781527322
-0.754173325809,0.548139926018
-0.736259507183,0.565577670419
-0.718223618243,0.582887240989
-0.700425766415,0.600447055704
-0.682243393097,0.617604038382
-0.664024398685,0.634724399965
-0.645756576147,0.651795933422
-0.627476546578,0.668849156333
-0.609184309977,0.685884068696
-0.590867659314,0.702900670512
-0.572544905134,0.719911168812
-0.554209943924,0.736909460081
-0.535868879197,0.753895544319
-0.517521710955,0.770875525041
-0.499369855216,0.788069128812
-0.481132550256,0.805165076333
-0.462815899593,0.822175574633
-0.444694561432,0.839399695984
-0.426402324832,0.856440711862
-0.407988017917,0.873347450396
-0.389457744203,0.890132118614
-0.370921366974,0.906910683318
-0.35230564404,0.923597695285
-0.333641092981,0.940229775611
-0.31496433489,0.95684354539
-0.296232645157,0.973402383527
-0.277427713237,0.989875772445
-0.258610574284,1.00633695433
-0.239701882596,1.02268827293
-0.220750466298,1.03899686693
-0.201811257032,1.05531156444
-0.182798805577,1.07154081272
-0.163755836543,1.08774564695
-0.144694556962,1.1039199636
-0.125608863318,1.12006986618
-0.106510962643,1.13620145822
-0.0873886479048,1.15230863619
-0.0682602296511,1.16840360714
-0.0490890867873,1.18444974995
-0.0299301509549,1.2005080998
-0.0107590080911,1.21655424262
0.00844265235128,1.23256376434
0.0276504163094,1.24856107903
0.0468581802675,1.26457060076
0.0660903582884,1.28054350139
0.0853286398251,1.2965102985
0.104579128393,1.31245268155
0.123835720477,1.3283950646
0.143098416077,1.34433134413
0.162373318708,1.36024931312
0.181654324854,1.37616728211
0.200959745064,1.39204863
0.220259061758,1.40794828844
0.239558378451,1.42383573985
0.258876005692,1.43970488071
0.278193632933,1.45557402157
0.297511260174,1.47144926595
0.316841094447,1.48729399275
0.336177032235,1.50314482306
0.355525177054,1.51897734283
0.374873321874,1.5348098626
0.394215363178,1.55064238236
0.413575715029,1.5664626951
0.43293606688,1.58227690432
0.452302522247,1.59808501002
0.471675081129,1.61389311573
0.491047640011,1.62969511792
0.51042630241,1.64548491307
0.529811068323,1.66127470823
0.549201937753,1.67705229636
0.568598910698,1.69282378097
0.588001987159,1.70858916206
0.60740506362,1.72435454315
0.626826450628,1.74009551019
0.646253941152,1.7558303737
0.665687535192,1.7715591337
0.685139439779,1.78726958315
0.70458524085,1.80297392909
0.724049352468,1.818666068
0.743525671117,1.83433989636
0.763001989767,1.85001372471
0.782490515448,1.86566924253
0.801997351676,1.88131255331
0.82151029142,1.89693755354
0.84102933468,1.91256255377
0.860554481455,1.92816924346
0.880091835262,1.94376372611
0.899635292584,1.95935820877
0.919184853422,1.97494048439
0.938746621292,1.99051055298
0.958308389162,2.00607451806
0.977876260547,2.02163237962
0.997456338964,2.03717803414
1.0170425209,2.05271758516
1.03662870283,2.06825103265
1.05623319531,2.0837661696
1.07583768779,2.09927520304
1.09544828378,2.11478423647
1.11506498329,2.13028106288
1.13468778632,2.14577178576
1.15431058935,2.16126250865
1.17394559941,2.17673492099
1.19358671298,2.19220733333
1.21322782655,2.20767364215
1.23287504364,2.22313384746
1.25252836425,2.23858184574
1.27218778837,2.25402984402
1.29184721249,2.26946563526
1.31151884364,2.28489532299
1.3311904748,2.30032501072
1.35086820946,2.31574859494
1.37055204765,2.33115997212
1.39024198935,2.34655914227
1.40993803456,2.36196441594
1.42963407978,2.37735748257
1.44934233203,2.39274444569
1.46904448076,2.40813140881
1.488752733,2.42350006139
1.50847319228,2.43886871396
1.52819365156,2.45423736653
1.54791411084,2.4696060191
1.56764677715,2.48496246464
1.58737333994,2.50030670315
1.60711210977,2.51565094166
1.62685087959,2.53099518017
1.64659575293,2.54632721165
1.66634672979,2.56165924313
1.68609770665,2.57699127461
1.70585478702,2.59229889203
1.72561186739,2.60761871647
1.74537505128,2.62293854092
1.76514433868,2.6382339513
1.78490752257,2.65354156872
1.80468291349,2.6688369791
1.82445830441,2.68413238949
1.84423979885,2.69942779987
1.86402129328,2.71471100322
1.88380889123,2.72999420658
1.90359648919,2.7452652029
1.92339019065,2.76053619922
1.94318389212,2.77580719554
1.9629836971,2.79107819186
1.98278350208,2.80633698115
2.00258330707,2.82159577044
2.02239531908,2.83685455973
2.04220122758,2.85210114199
2.06201323959,2.86734772425
2.08183135512,2.88259430651
2.10164947065,2.89782868173
2.1214736897,2.91306305696
2.14129790874,2.92829743219
2.16112212779,2.94351960038
2.18095245035,2.95875397561
2.20078277291,2.97396393678
2.22061919899,2.98918610497
2.24045562506,3.00439606614
2.26031036169,3.01959382027
2.28015289128,3.03480378143
2.30000152439,3.05000153556
2.35000152513,3.10000153631
2.39028763771,3.11739397049
