x,y
2.66831803125,3.5768837531
2.68633361191,3.60826608437
2.69584005627,3.63139260034
2.70499663174,3.65465547615
2.71429305,3.67786108046
2.7234253917,3.70113308185
2.73240981267,3.7244653966
2.74168199715,3.74768012649
2.75114249198,3.77081933372
2.76051968951,3.79399451944
2.77014426091,3.81706732959
2.78039482108,3.83986752115
2.79026676635,3.86283795573
2.8002406828,3.88576076822
2.81056394431,3.90853358304
2.82061308014,3.9314234589
2.83098984528,3.95416690278
2.84132370275,3.97693111585
2.85147229173,3.99977892951
2.86183038298,4.022534017
2.87216424045,4.04529823007
2.88237997088,4.06811614896
2.89274865809,4.0908626347
2.90310674934,4.11361772219
2.91353450008,4.13633735503
2.92394357692,4.15906863147
2.93434457584,4.18180294977
2.94480463828,4.20451041517
2.9552510629,4.22721840439
2.96569245145,4.2499375134
2.97618734363,4.27262725146
2.98667415788,4.29532003138
2.99718520592,4.31800368573
3.00769877198,4.34068178018
3.01821537991,4.36336795256
3.0287370239,4.38604300516
3.03928290168,4.40870893217
3.04985301323,4.43136573361
3.0604498766,4.45400784958
3.07105481789,4.47664692368
3.08170014882,4.49927078849
3.09235607571,4.52188605155
3.10301452063,4.54449575472
3.11371335519,4.56709024859
3.12442026767,4.58968170059
3.13516200989,4.61225542527
3.14590375211,4.63482914995
3.15665357226,4.65739983277
3.16744378205,4.67995530629
3.1782259139,4.70251382168
3.18901056379,4.72506677717
3.19983004342,4.74760200532
3.21063892709,4.77014583524
3.2214826405,4.79267193782
3.23232635391,4.8151980404
3.24317006733,4.83772414298
3.25403245462,4.86023860195
3.26490291985,4.88275001906
3.27579761885,4.90525231059
3.28668423993,4.92775764398
3.29757893894,4.95025993551
3.30849231183,4.97275058343
3.31940568472,4.99524123135
3.3303246175,5.01773439731
3.34125414625,5.04021896151
3.35219175292,5.06270048385
3.36313995555,5.08517340444
3.37408815819,5.10764632503
3.38504192071,5.13012176365
3.39599820127,5.15259164238
3.40697063768,5.17505543739
3.41793247814,5.19752783416
3.42891299247,5.21998858731
3.43991469873,5.24243213696
3.45090580903,5.26488428836
3.46192671301,5.28732983221
3.4729688089,5.30975817257
3.48400282687,5.33218955478
3.49506915654,5.35460876955
3.50613800425,5.37702242443
3.51723108574,5.39942695373
3.52834032308,5.42182539931
3.53946823431,5.44421220129
3.55059866357,5.46659344336
3.56175080858,5.48897111976
3.57292162747,5.51133715254
3.58410052429,5.53370014346
3.595298095,5.55605149077
3.60651182157,5.57839675437
3.61772806616,5.60073645807
3.62896046661,5.62307007805
3.64021710084,5.64539457245
3.65148433103,5.6677104651
3.66275963915,5.69002331589
3.67404302519,5.71233312482
3.68534760316,5.73462573025
3.69665522298,5.7569264136
3.70797343877,5.7792184952
3.71931032844,5.80149893319
3.73064470007,5.82378493108
3.74199218571,5.84605676731
3.75335582719,5.86832251983
3.76472251054,5.89059635028
3.77610230788,5.91285601908
3.78749018314,5.93511264602
3.79888057644,5.95736371306
3.81027904767,5.97961173825
3.82169923464,6.00185619776
3.83312445768,6.02408953747
3.84454716268,6.04632843708
3.85598854158,6.06855569308
3.8674379984,6.09077990722
3.87887937729,6.11300716322
3.89033691204,6.1352283355
3.90180504274,6.15744090603
3.91327317345,6.17965347655
3.92475494198,6.20186552326
3.93623922854,6.22407201007
3.94772603313,6.24627293698
3.95921839762,6.26847638193
3.97072691796,6.29067374316
3.98223239644,6.31286302647
2.66831803125,3.5768837531
2.68633361191,3.60826608437
2.69584005627,3.63139260034
2.70499663174,3.65465547615
2.71429305,3.67786108046
2.7234253917,3.70113308185
2.73240981267,3.7244653966
2.74168199715,3.74768012649
2.75114249198,3.77081933372
2.76051968951,3.79399451944
2.77014426091,3.81706732959
2.78039482108,3.83986752115
2.79026676635,3.86283795573
2.8002406828,3.88576076822
2.81056394431,3.90853358304
2.82061308014,3.9314234589
2.83098984528,3.95416690278
2.84132370275,3.97693111585
2.85147229173,3.99977892951
2.86183038298,4.022534017
2.87216424045,4.04529823007
2.88237997088,4.06811614896
2.89274865809,4.0908626347
2.90310674934,4.11361772219
2.91353450008,4.13633735503
2.92394357692,4.15906863147
2.93434457584,4.18180294977
2.94480463828,4.20451041517
2.9552510629,4.22721840439
2.96569245145,4.2499375134
2.97618734363,4.27262725146
2.98667415788,4.29532003138
2.99718520592,4.31800368573
3.00769877198,4.34068178018
3.01821537991,4.36336795256
3.0287370239,4.38604300516
3.03928290168,4.40870893217
3.04985301323,4.43136573361
3.0604498766,4.45400784958
3.07105481789,4.47664692368
3.08170014882,4.49927078849
3.09235607571,4.52188605155
3.10301452063,4.54449575472
3.11371335519,4.56709024859
3.12442026767,4.58968170059
3.13516200989,4.61225542527
3.14590375211,4.63482914995
3.15665357226,4.65739983277
3.16744378205,4.67995530629
3.1782259139,4.70251382168
3.18901056379,4.72506677717
3.19983004342,4.74760200532
3.21063892709,4.77014583524
3.2214826405,4.79267193782
3.23232635391,4.8151980404
3.24317006733,4.83772414298
3.25403245462,4.86023860195
3.26490291985,4.88275001906
3.27579761885,4.90525231059
3.28668423993,4.92775764398
3.29757893894,4.95025993551
3.30849231183,4.97275058343
3.31940568472,4.99524123135
3.3303246175,5.01773439731
3.34125414625,5.04021896151
3.35219175292,5.06270048385
3.36313995555,5.08517340444
3.37408815819,5.10764632503
3.38504192071,5.13012176365
3.39599820127,5.15259164238
3.40697063768,5.17505543739
3.41793247814,5.19752783416
3.42891299247,5.21998858731
3.43991469873,5.24243213696
3.45090580903,5.26488428836
3.46192671301,5.28732983221
3.4729688089,5.30975817257
3.48400282687,5.33218955478
3.49506915654,5.35460876955
3.50613800425,5.37702242443
3.51723108574,5.39942695373
3.52834032308,5.42182539931
3.53946823431,5.44421220129
3.55059866357,5.46659344336
3.56175080858,5.48897111976
3.57292162747,5.51133715254
3.58410052429,5.53370014346
3.595298095,5.55605149077
3.60651182157,5.57839675437
3.61772806616,5.60073645807
3.62896046661,5.62307007805
3.64021710084,5.64539457245
3.65148433103,5.6677104651
3.66275963915,5.69002331589
3.67404302519,5.71233312482
3.68534760316,5.73462573025
3.69665522298,5.7569264136
3.70797343877,5.7792184952
3.71931032844,5.80149893319
3.73064470007,5.82378493108
3.74199218571,5.84605676731
3.75335582719,5.86832251983
3.76472251054,5.89059635028
3.77610230788,5.91285601908
3.78749018314,5.93511264602
3.79888057644,5.95736371306
3.81027904767,5.97961173825
3.82169923464,6.00185619776
3.83312445768,6.02408953747
3.84454716268,6.04632843708
3.85598854158,6.06855569308
3.8674379984,6.09077990722
3.87887937729,6.11300716322
3.89033691204,6.1352283355
3.90180504274,6.15744090603
3.91327317345,6.17965347655
3.92475494198,6.20186552326
3.93623922854,6.22407201007
3.94772603313,6.24627293698
3.95921839762,6.26847638193
3.97072691796,6.29067374316
3.98223239644,6.31286302647
2.66831803125,3.5768837531
2.68633361191,3.60826608437
2.69584005627,3.63139260034
2.70499663174,3.65465547615
2.71429305,3.67786108046
2.7234253917,3.70113308185
2.73240981267,3.7244653966
2.74168199715,3.74768012649
2.75114249198,3.77081933372
2.76051968951,3.79399451944
2.77014426091,3.81706732959
2.78039482108,3.83986752115
2.79026676635,3.86283795573
2.8002406828,3.88576076822
2.81056394431,3.90853358304
2.82061308014,3.9314234589
2.83098984528,3.95416690278
2.84132370275,3.97693111585
2.85147229173,3.99977892951
2.86183038298,4.022534017
2.87216424045,4.04529823007
2.88237997088,4.06811614896
2.89274865809,4.0908626347
2.90310674934,4.11361772219
2.91353450008,4.13633735503
2.92394357692,4.15906863147
2.93434457584,4.18180294977
2.94480463828,4.20451041517
2.9552510629,4.22721840439
2.96569245145,4.2499375134
2.97618734363,4.27262725146
2.98667415788,4.29532003138
2.99718520592,4.31800368573
3.00769877198,4.34068178018
3.01821537991,4.36336795256
3.0287370239,4.38604300516
3.03928290168,4.40870893217
3.04985301323,4.43136573361
3.0604498766,4.45400784958
3.07105481789,4.47664692368
3.08170014882,4.49927078849
3.09235607571,4.52188605155
3.10301452063,4.54449575472
3.11371335519,4.56709024859
3.12442026767,4.58968170059
3.13516200989,4.61225542527
3.14590375211,4.63482914995
3.15665357226,4.65739983277
3.16744378205,4.67995530629
3.1782259139,4.70251382168
3.18901056379,4.72506677717
3.19983004342,4.74760200532
3.21063892709,4.77014583524
3.2214826405,4.79267193782
3.23232635391,4.8151980404
3.24317006733,4.83772414298
3.25403245462,4.86023860195
3.26490291985,4.88275001906
3.27579761885,4.90525231059
3.28668423993,4.92775764398
3.29757893894,4.95025993551
3.30849231183,4.97275058343
3.31940568472,4.99524123135
3.3303246175,5.01773439731
3.34125414625,5.04021896151
3.35219175292,5.06270048385
3.36313995555,5.08517340444
3.37408815819,5.10764632503
3.38504192071,5.13012176365
3.39599820127,5.15259164238
3.40697063768,5.17505543739
3.41793247814,5.19752783416
3.42891299247,5.21998858731
3.43991469873,5.24243213696
3.45090580903,5.26488428836
3.46192671301,5.28732983221
3.4729688089,5.30975817257
3.48400282687,5.33218955478
3.49506915654,5.35460876955
3.50613800425,5.37702242443
3.51723108574,5.39942695373
3.52834032308,5.42182539931
3.53946823431,5.44421220129
3.55059866357,5.46659344336
3.56175080858,5.48897111976
3.57292162747,5.51133715254
3.58410052429,5.53370014346
3.595298095,5.55605149077
3.60651182157,5.57839675437
3.61772806616,5.60073645807
3.62896046661,5.62307007805
3.64021710084,5.64539457245
3.65148433103,5.6677104651
3.66275963915,5.69002331589
3.67404302519,5.71233312482
3.68534760316,5.73462573025
3.69665522298,5.7569264136
3.70797343877,5.7792184952
3.71931032844,5.80149893319
3.73064470007,5.82378493108
3.74199218571,5.84605676731
3.75335582719,5.86832251983
3.76472251054,5.89059635028
3.77610230788,5.91285601908
3.78749018314,5.93511264602
3.79888057644,5.95736371306
3.81027904767,5.97961173825
3.82169923464,6.00185619776
3.83312445768,6.02408953747
3.84454716268,6.04632843708
3.85598854158,6.06855569308
3.8674379984,6.09077990722
3.87887937729,6.11300716322
3.89033691204,6.1352283355
3.90180504274,6.15744090603
3.91327317345,6.17965347655
3.92475494198,6.20186552326
3.93623922854,6.22407201007
3.94772603313,6.24627293698
3.95921839762,6.26847638193
3.97072691796,6.29067374316
3.98223239644,6.31286302647
2.66831803125,3.5768837531
2.68633361191,3.60826608437
2.69584005627,3.63139260034
2.70499663174,3.65465547615
2.71429305,3.67786108046
2.7234253917,3.70113308185
2.73240981267,3.7244653966
2.74168199715,3.74768012649
2.75114249198,3.77081933372
2.76051968951,3.79399451944
2.77014426091,3.81706732959
2.78039482108,3.83986752115
2.79026676635,3.86283795573
2.8002406828,3.88576076822
2.81056394431,3.90853358304
2.82061308014,3.9314234589
2.83098984528,3.95416690278
2.84132370275,3.97693111585
2.85147229173,3.99977892951
2.86183038298,4.022534017
2.87216424045,4.04529823007
2.88237997088,4.06811614896
2.89274865809,4.0908626347
2.90310674934,4.11361772219
2.91353450008,4.13633735503
2.92394357692,4.15906863147
2.93434457584,4.18180294977
2.94480463828,4.20451041517
2.9552510629,4.22721840439
2.96569245145,4.2499375134
2.97618734363,4.27262725146
2.98667415788,4.29532003138
2.99718520592,4.31800368573
3.00769877198,4.34068178018
3.01821537991,4.36336795256
3.0287370239,4.38604300516
3.03928290168,4.40870893217
3.04985301323,4.43136573361
3.0604498766,4.45400784958
3.07105481789,4.47664692368
3.08170014882,4.49927078849
3.09235607571,4.52188605155
3.10301452063,4.54449575472
3.11371335519,4.56709024859
3.12442026767,4.58968170059
3.13516200989,4.61225542527
3.14590375211,4.63482914995
3.15665357226,4.65739983277
3.16744378205,4.67995530629
3.1782259139,4.70251382168
3.18901056379,4.72506677717
3.19983004342,4.74760200532
3.21063892709,4.77014583524
3.2214826405,4.79267193782
3.23232635391,4.8151980404
3.24317006733,4.83772414298
3.25403245462,4.86023860195
3.26490291985,4.88275001906
3.27579761885,4.90525231059
3.28668423993,4.92775764398
3.29757893894,4.95025993551
3.30849231183,4.97275058343
3.31940568472,4.99524123135
3.3303246175,5.01773439731
3.34125414625,5.04021896151
3.35219175292,5.06270048385
3.36313995555,5.08517340444
3.37408815819,5.10764632503
3.38504192071,5.13012176365
3.39599820127,5.15259164238
3.40697063768,5.17505543739
3.41793247814,5.19752783416
3.42891299247,5.21998858731
3.43991469873,5.24243213696
3.45090580903,5.26488428836
3.46192671301,5.28732983221
3.4729688089,5.30975817257
3.48400282687,5.33218955478
3.49506915654,5.35460876955
3.50613800425,5.37702242443
3.51723108574,5.39942695373
3.52834032308,5.42182539931
3.53946823431,5.44421220129
3.55059866357,5.46659344336
3.56175080858,5.48897111976
3.57292162747,5.51133715254
3.58410052429,5.53370014346
3.595298095,5.55605149077
3.60651182157,5.57839675437
3.61772806616,5.60073645807
3.62896046661,5.62307007805
3.64021710084,5.64539457245
3.65148433103,5.6677104651
3.66275963915,5.69002331589
3.67404302519,5.71233312482
3.68534760316,5.73462573025
3.69665522298,5.7569264136
3.70797343877,5.7792184952
3.71931032844,5.80149893319
3.73064470007,5.82378493108
3.74199218571,5.84605676731
3.75335582719,5.86832251983
3.76472251054,5.89059635028
3.77610230788,5.91285601908
3.78749018314,5.93511264602
3.79888057644,5.95736371306
3.81027904767,5.97961173825
3.82169923464,6.00185619776
3.83312445768,6.02408953747
3.84454716268,6.04632843708
3.85598854158,6.06855569308
3.8674379984,6.09077990722
3.87887937729,6.11300716322
3.89033691204,6.1352283355
3.90180504274,6.15744090603
3.91327317345,6.17965347655
3.92475494198,6.20186552326
3.93623922854,6.22407201007
3.94772603313,6.24627293698
3.95921839762,6.26847638193
3.97072691796,6.29067374316
3.98223239644,6.31286302647
2.66831803125,3.5768837531
2.68633361191,3.60826608437
2.69584005627,3.63139260034
2.70499663174,3.65465547615
2.71429305,3.67786108046
2.7234253917,3.70113308185
2.73240981267,3.7244653966
2.74168199715,3.74768012649
2.75114249198,3.77081933372
2.76051968951,3.79399451944
2.77014426091,3.81706732959
2.78039482108,3.83986752115
2.79026676635,3.86283795573
2.8002406828,3.88576076822
2.81056394431,3.90853358304
2.82061308014,3.9314234589
2.83098984528,3.95416690278
2.84132370275,3.97693111585
2.85147229173,3.99977892951
2.86183038298,4.022534017
2.87216424045,4.04529823007
2.88237997088,4.06811614896
2.89274865809,4.0908626347
2.90310674934,4.11361772219
2.91353450008,4.13633735503
2.92394357692,4.15906863147
2.93434457584,4.18180294977
2.94480463828,4.20451041517
2.9552510629,4.22721840439
2.96569245145,4.2499375134
2.97618734363,4.27262725146
2.98667415788,4.29532003138
2.99718520592,4.31800368573
3.00769877198,4.34068178018
3.01821537991,4.36336795256
3.0287370239,4.38604300516
3.03928290168,4.40870893217
3.04985301323,4.43136573361
3.0604498766,4.45400784958
3.07105481789,4.47664692368
3.08170014882,4.49927078849
3.09235607571,4.52188605155
3.10301452063,4.54449575472
3.11371335519,4.56709024859
3.12442026767,4.58968170059
3.13516200989,4.61225542527
3.14590375211,4.63482914995
3.15665357226,4.65739983277
3.16744378205,4.67995530629
3.1782259139,4.70251382168
3.18901056379,4.72506677717
3.19983004342,4.74760200532
3.21063892709,4.77014583524
3.2214826405,4.79267193782
3.23232635391,4.8151980404
3.24317006733,4.83772414298
3.25403245462,4.86023860195
3.26490291985,4.88275001906
3.27579761885,4.90525231059
3.28668423993,4.92775764398
3.29757893894,4.95025993551
3.30849231183,4.97275058343
3.31940568472,4.99524123135
3.3303246175,5.01773439731
3.34125414625,5.04021896151
3.35219175292,5.06270048385
3.36313995555,5.08517340444
3.37408815819,5.10764632503
3.38504192071,5.13012176365
3.39599820127,5.15259164238
3.40697063768,5.17505543739
3.41793247814,5.19752783416
3.42891299247,5.21998858731
3.43991469873,5.24243213696
3.45090580903,5.26488428836
3.46192671301,5.28732983221
3.4729688089,5.30975817257
3.48400282687,5.33218955478
3.49506915654,5.35460876955
3.50613800425,5.37702242443
3.51723108574,5.39942695373
3.52834032308,5.42182539931
3.53946823431,5.44421220129
3.55059866357,5.46659344336
3.56175080858,5.48897111976
3.57292162747,5.51133715254
3.58410052429,5.53370014346
3.595298095,5.55605149077
3.60651182157,5.57839675437
3.61772806616,5.60073645807
3.62896046661,5.62307007805
3.64021710084,5.64539457245
3.65148433103,5.6677104651
3.66275963915,5.69002331589
3.67404302519,5.71233312482
3.68534760316,5.73462573025
3.69665522298,5.7569264136
3.70797343877,5.7792184952
3.71931032844,5.80149893319
3.73064470007,5.82378493108
3.74199218571,5.84605676731
3.75335582719,5.86832251983
3.76472251054,5.89059635028
3.77610230788,5.91285601908
3.78749018314,5.93511264602
3.79888057644,5.95736371306
3.81027904767,5.97961173825
3.82169923464,6.00185619776
3.83312445768,6.02408953747
3.84454716268,6.04632843708
3.85598854158,6.06855569308
3.8674379984,6.09077990722
3.87887937729,6.11300716322
3.89033691204,6.1352283355
3.90180504274,6.15744090603
3.91327317345,6.17965347655
3.92475494198,6.20186552326
3.93623922854,6.22407201007
3.94772603313,6.24627293698
3.95921839762,6.26847638193
3.97072691796,6.29067374316
3.98223239644,6.31286302647
2.66831803125,3.5768837531
2.68633361191,3.60826608437
2.69584005627,3.63139260034
2.70499663174,3.65465547615
2.71429305,3.67786108046
2.7234253917,3.70113308185
2.73240981267,3.7244653966
2.74168199715,3.74768012649
2.75114249198,3.77081933372
2.76051968951,3.79399451944
2.77014426091,3.81706732959
2.78039482108,3.83986752115
2.79026676635,3.86283795573
2.8002406828,3.88576076822
2.81056394431,3.90853358304
2.82061308014,3.9314234589
2.83098984528,3.95416690278
2.84132370275,3.97693111585
2.85147229173,3.99977892951
2.86183038298,4.022534017
2.87216424045,4.04529823007
2.88237997088,4.06811614896
2.89274865809,4.0908626347
2.90310674934,4.11361772219
2.91353450008,4.13633735503
2.92394357692,4.15906863147
2.93434457584,4.18180294977
2.94480463828,4.20451041517
2.9552510629,4.22721840439
2.96569245145,4.2499375134
2.97618734363,4.27262725146
2.98667415788,4.29532003138
2.99718520592,4.31800368573
3.00769877198,4.34068178018
3.01821537991,4.36336795256
3.0287370239,4.38604300516
3.03928290168,4.40870893217
3.04985301323,4.43136573361
3.0604498766,4.45400784958
3.07105481789,4.47664692368
3.08170014882,4.49927078849
3.09235607571,4.52188605155
3.10301452063,4.54449575472
3.11371335519,4.56709024859
3.12442026767,4.58968170059
3.13516200989,4.61225542527
3.14590375211,4.63482914995
3.15665357226,4.65739983277
3.16744378205,4.67995530629
3.1782259139,4.70251382168
3.18901056379,4.72506677717
3.19983004342,4.74760200532
3.21063892709,4.77014583524
3.2214826405,4.79267193782
3.23232635391,4.8151980404
3.24317006733,4.83772414298
3.25403245462,4.86023860195
3.26490291985,4.88275001906
3.27579761885,4.90525231059
3.28668423993,4.92775764398
3.29757893894,4.95025993551
3.30849231183,4.97275058343
3.31940568472,4.99524123135
3.3303246175,5.01773439731
3.34125414625,5.04021896151
3.35219175292,5.06270048385
3.36313995555,5.08517340444
3.37408815819,5.10764632503
3.38504192071,5.13012176365
3.39599820127,5.15259164238
3.40697063768,5.17505543739
3.41793247814,5.19752783416
3.42891299247,5.21998858731
3.43991469873,5.24243213696
3.45090580903,5.26488428836
3.46192671301,5.28732983221
3.4729688089,5.30975817257
3.48400282687,5.33218955478
3.49506915654,5.35460876955
3.50613800425,5.37702242443
3.51723108574,5.39942695373
3.52834032308,5.42182539931
3.53946823431,5.44421220129
3.55059866357,5.46659344336
3.56175080858,5.48897111976
3.57292162747,5.51133715254
3.58410052429,5.53370014346
3.595298095,5.55605149077
3.60651182157,5.57839675437
3.61772806616,5.60073645807
3.62896046661,5.62307007805
3.64021710084,5.64539457245
3.65148433103,5.6677104651
3.66275963915,5.69002331589
3.67404302519,5.71233312482
3.68534760316,5.73462573025
3.69665522298,5.7569264136
3.70797343877,5.7792184952
3.71931032844,5.80149893319
3.73064470007,5.82378493108
3.74199218571,5.84605676731
3.75335582719,5.86832251983
3.76472251054,5.89059635028
3.77610230788,5.91285601908
3.78749018314,5.93511264602
3.79888057644,5.95736371306
3.81027904767,5.97961173825
3.82169923464,6.00185619776
3.83312445768,6.02408953747
3.84454716268,6.04632843708
3.85598854158,6.06855569308
3.8674379984,6.09077990722
3.87887937729,6.11300716322
3.89033691204,6.1352283355
3.90180504274,6.15744090603
3.91327317345,6.17965347655
3.92475494198,6.20186552326
3.93623922854,6.22407201007
3.94772603313,6.24627293698
3.95921839762,6.26847638193
3.97072691796,6.29067374316
3.98223239644,6.31286302647
2.66831803125,3.5768837531
2.68633361191,3.60826608437
2.69584005627,3.63139260034
2.70499663174,3.65465547615
2.71429305,3.67786108046
2.7234253917,3.70113308185
2.73240981267,3.7244653966
2.74168199715,3.74768012649
2.75114249198,3.77081933372
2.76051968951,3.79399451944
2.77014426091,3.81706732959
2.78039482108,3.83986752115
2.79026676635,3.86283795573
2.8002406828,3.88576076822
2.81056394431,3.90853358304
2.82061308014,3.9314234589
2.83098984528,3.95416690278
2.84132370275,3.97693111585
2.85147229173,3.99977892951
2.86183038298,4.022534017
2.87216424045,4.04529823007
2.88237997088,4.06811614896
2.89274865809,4.0908626347
2.90310674934,4.11361772219
2.91353450008,4.13633735503
2.92394357692,4.15906863147
2.93434457584,4.18180294977
2.94480463828,4.20451041517
2.9552510629,4.22721840439
2.96569245145,4.2499375134
2.97618734363,4.27262725146
2.98667415788,4.29532003138
2.99718520592,4.31800368573
3.00769877198,4.34068178018
3.01821537991,4.36336795256
3.0287370239,4.38604300516
3.03928290168,4.40870893217
3.04985301323,4.43136573361
3.0604498766,4.45400784958
3.07105481789,4.47664692368
3.08170014882,4.49927078849
3.09235607571,4.52188605155
3.10301452063,4.54449575472
3.11371335519,4.56709024859
3.12442026767,4.58968170059
3.13516200989,4.61225542527
3.14590375211,4.63482914995
3.15665357226,4.65739983277
3.16744378205,4.67995530629
3.1782259139,4.70251382168
3.18901056379,4.72506677717
3.19983004342,4.74760200532
3.21063892709,4.77014583524
3.2214826405,4.79267193782
3.23232635391,4.8151980404
3.24317006733,4.83772414298
3.25403245462,4.86023860195
3.26490291985,4.88275001906
3.27579761885,4.90525231059
3.28668423993,4.92775764398
3.29757893894,4.95025993551
3.30849231183,4.97275058343
3.31940568472,4.99524123135
3.3303246175,5.01773439731
3.34125414625,5.04021896151
3.35219175292,5.06270048385
3.36313995555,5.08517340444
3.37408815819,5.10764632503
3.38504192071,5.13012176365
3.39599820127,5.15259164238
3.40697063768,5.17505543739
3.41793247814,5.19752783416
3.42891299247,5.21998858731
3.43991469873,5.24243213696
3.45090580903,5.26488428836
3.46192671301,5.28732983221
3.4729688089,5.30975817257
3.48400282687,5.33218955478
3.49506915654,5.35460876955
3.50613800425,5.37702242443
3.51723108574,5.39942695373
3.52834032308,5.42182539931
3.53946823431,5.44421220129
3.55059866357,5.46659344336
3.56175080858,5.48897111976
3.57292162747,5.51133715254
3.58410052429,5.53370014346
3.595298095,5.55605149077
3.60651182157,5.57839675437
3.61772806616,5.60073645807
3.62896046661,5.62307007805
3.64021710084,5.64539457245
3.65148433103,5.6677104651
3.66275963915,5.69002331589
3.67404302519,5.71233312482
3.68534760316,5.73462573025
3.69665522298,5.7569264136
3.70797343877,5.7792184952
3.71931032844,5.80149893319
3.73064470007,5.82378493108
3.74199218571,5.84605676731
3.75335582719,5.86832251983
3.76472251054,5.89059635028
3.77610230788,5.91285601908
3.78749018314,5.93511264602
3.79888057644,5.95736371306
3.81027904767,5.97961173825
3.82169923464,6.00185619776
3.83312445768,6.02408953747
3.84454716268,6.04632843708
3.85598854158,6.06855569308
3.8674379984,6.09077990722
3.87887937729,6.11300716322
3.89033691204,6.1352283355
3.90180504274,6.15744090603
3.91327317345,6.17965347655
3.92475494198,6.20186552326
3.93623922854,6.22407201007
3.94772603313,6.24627293698
3.95921839762,6.26847638193
3.97072691796,6.29067374316
3.98223239644,6.31286302647
2.66831803125,3.5768837531
2.68633361191,3.60826608437
2.69584005627,3.63139260034
2.70499663174,3.65465547615
2.71429305,3.67786108046
2.7234253917,3.70113308185
2.73240981267,3.7244653966
2.74168199715,3.74768012649
2.75114249198,3.77081933372
2.76051968951,3.79399451944
2.77014426091,3.81706732959
2.78039482108,3.83986752115
2.79026676635,3.86283795573
2.8002406828,3.88576076822
2.81056394431,3.90853358304
2.82061308014,3.9314234589
2.83098984528,3.95416690278
2.84132370275,3.97693111585
2.85147229173,3.99977892951
2.86183038298,4.022534017
2.87216424045,4.04529823007
2.88237997088,4.06811614896
2.89274865809,4.0908626347
2.90310674934,4.11361772219
2.91353450008,4.13633735503
2.92394357692,4.15906863147
2.93434457584,4.18180294977
2.94480463828,4.20451041517
2.9552510629,4.22721840439
2.96569245145,4.2499375134
2.97618734363,4.27262725146
2.98667415788,4.29532003138
2.99718520592,4.31800368573
3.00769877198,4.34068178018
3.01821537991,4.36336795256
3.0287370239,4.38604300516
3.03928290168,4.40870893217
3.04985301323,4.43136573361
3.0604498766,4.45400784958
3.07105481789,4.47664692368
3.08170014882,4.49927078849
3.09235607571,4.52188605155
3.10301452063,4.54449575472
3.11371335519,4.56709024859
3.12442026767,4.58968170059
3.13516200989,4.61225542527
3.14590375211,4.63482914995
3.15665357226,4.65739983277
3.16744378205,4.67995530629
3.1782259139,4.70251382168
3.18901056379,4.72506677717
3.19983004342,4.74760200532
3.21063892709,4.77014583524
3.2214826405,4.79267193782
3.23232635391,4.8151980404
3.24317006733,4.83772414298
3.25403245462,4.86023860195
3.26490291985,4.88275001906
3.27579761885,4.90525231059
3.28668423993,4.92775764398
3.29757893894,4.95025993551
3.30849231183,4.97275058343
3.31940568472,4.99524123135
3.3303246175,5.01773439731
3.34125414625,5.04021896151
3.35219175292,5.06270048385
3.36313995555,5.08517340444
3.37408815819,5.10764632503
3.38504192071,5.13012176365
3.39599820127,5.15259164238
3.40697063768,5.17505543739
3.41793247814,5.19752783416
3.42891299247,5.21998858731
3.43991469873,5.24243213696
3.45090580903,5.26488428836
3.46192671301,5.28732983221
3.4729688089,5.30975817257
3.48400282687,5.33218955478
3.49506915654,5.35460876955
3.50613800425,5.37702242443
3.51723108574,5.39942695373
3.52834032308,5.42182539931
3.53946823431,5.44421220129
3.55059866357,5.46659344336
3.56175080858,5.48897111976
3.57292162747,5.51133715254
3.58410052429,5.53370014346
3.595298095,5.55605149077
3.60651182157,5.57839675437
3.61772806616,5.60073645807
3.62896046661,5.62307007805
3.64021710084,5.64539457245
3.65148433103,5.6677104651
3.66275963915,5.69002331589
3.67404302519,5.71233312482
3.68534760316,5.73462573025
3.69665522298,5.7569264136
3.70797343877,5.7792184952
3.71931032844,5.80149893319
3.73064470007,5.82378493108
3.74199218571,5.84605676731
3.75335582719,5.86832251983
3.76472251054,5.89059635028
3.77610230788,5.91285601908
3.78749018314,5.93511264602
3.79888057644,5.95736371306
3.81027904767,5.97961173825
3.82169923464,6.00185619776
3.83312445768,6.02408953747
3.84454716268,6.04632843708
3.85598854158,6.06855569308
3.8674379984,6.09077990722
3.87887937729,6.11300716322
3.89033691204,6.1352283355
3.90180504274,6.15744090603
3.91327317345,6.17965347655
3.92475494198,6.20186552326
3.93623922854,6.22407201007
3.94772603313,6.24627293698
3.95921839762,6.26847638193
3.97072691796,6.29067374316
3.98223239644,6.31286302647
2.66831803125,3.5768837531
2.68633361191,3.60826608437
2.69584005627,3.63139260034
2.70499663174,3.65465547615
2.71429305,3.67786108046
2.7234253917,3.70113308185
2.73240981267,3.7244653966
2.74168199715,3.74768012649
2.75114249198,3.77081933372
2.76051968951,3.79399451944
2.77014426091,3.81706732959
2.78039482108,3.83986752115
2.79026676635,3.86283795573
2.8002406828,3.88576076822
2.81056394431,3.90853358304
2.82061308014,3.9314234589
2.83098984528,3.95416690278
2.84132370275,3.97693111585
2.85147229173,3.99977892951
2.86183038298,4.022534017
2.87216424045,4.04529823007
2.88237997088,4.06811614896
2.89274865809,4.0908626347
2.90310674934,4.11361772219
2.91353450008,4.13633735503
2.92394357692,4.15906863147
2.93434457584,4.18180294977
2.94480463828,4.20451041517
2.9552510629,4.22721840439
2.96569245145,4.2499375134
2.97618734363,4.27262725146
2.98667415788,4.29532003138
2.99718520592,4.31800368573
3.00769877198,4.34068178018
3.01821537991,4.36336795256
3.0287370239,4.38604300516
3.03928290168,4.40870893217
3.04985301323,4.43136573361
3.0604498766,4.45400784958
3.07105481789,4.47664692368
3.08170014882,4.49927078849
3.09235607571,4.52188605155
3.10301452063,4.54449575472
3.11371335519,4.56709024859
3.12442026767,4.58968170059
3.13516200989,4.61225542527
3.14590375211,4.63482914995
3.15665357226,4.65739983277
3.16744378205,4.67995530629
3.1782259139,4.70251382168
3.18901056379,4.72506677717
3.19983004342,4.74760200532
3.21063892709,4.77014583524
3.2214826405,4.79267193782
3.23232635391,4.8151980404
3.24317006733,4.83772414298
3.25403245462,4.86023860195
3.26490291985,4.88275001906
3.27579761885,4.90525231059
3.28668423993,4.92775764398
3.29757893894,4.95025993551
3.30849231183,4.97275058343
3.31940568472,4.99524123135
3.3303246175,5.01773439731
3.34125414625,5.04021896151
3.35219175292,5.06270048385
3.36313995555,5.08517340444
3.37408815819,5.10764632503
3.38504192071,5.13012176365
3.39599820127,5.15259164238
3.40697063768,5.17505543739
3.41793247814,5.19752783416
3.42891299247,5.21998858731
3.43991469873,5.24243213696
3.45090580903,5.26488428836
3.46192671301,5.28732983221
3.4729688089,5.30975817257
3.48400282687,5.33218955478
3.49506915654,5.35460876955
3.50613800425,5.37702242443
3.51723108574,5.39942695373
3.52834032308,5.42182539931
3.53946823431,5.44421220129
3.55059866357,5.46659344336
3.56175080858,5.48897111976
3.57292162747,5.51133715254
3.58410052429,5.53370014346
3.595298095,5.55605149077
3.60651182157,5.57839675437
3.61772806616,5.60073645807
3.62896046661,5.62307007805
3.64021710084,5.64539457245
3.65148433103,5.6677104651
3.66275963915,5.69002331589
3.67404302519,5.71233312482
3.68534760316,5.73462573025
3.69665522298,5.7569264136
3.70797343877,5.7792184952
3.71931032844,5.80149893319
3.73064470007,5.82378493108
3.74199218571,5.84605676731
3.75335582719,5.86832251983
3.76472251054,5.89059635028
3.77610230788,5.91285601908
3.78749018314,5.93511264602
3.79888057644,5.95736371306
3.81027904767,5.97961173825
3.82169923464,6.00185619776
3.83312445768,6.02408953747
3.84454716268,6.04632843708
3.85598854158,6.06855569308
3.8674379984,6.09077990722
3.87887937729,6.11300716322
3.89033691204,6.1352283355
3.90180504274,6.15744090603
3.91327317345,6.17965347655
3.92475494198,6.20186552326
3.93623922854,6.22407201007
3.94772603313,6.24627293698
3.95921839762,6.26847638193
3.97072691796,6.29067374316
3.98223239644,6.31286302647
2.66831803125,3.5768837531
2.68633361191,3.60826608437
2.69584005627,3.63139260034
2.70499663174,3.65465547615
2.71429305,3.67786108046
2.7234253917,3.70113308185
2.73240981267,3.7244653966
2.74168199715,3.74768012649
2.75114249198,3.77081933372
2.76051968951,3.79399451944
2.77014426091,3.81706732959
2.78039482108,3.83986752115
2.79026676635,3.86283795573
2.8002406828,3.88576076822
2.81056394431,3.90853358304
2.82061308014,3.9314234589
2.83098984528,3.95416690278
2.84132370275,3.97693111585
2.85147229173,3.99977892951
2.86183038298,4.022534017
2.87216424045,4.04529823007
2.88237997088,4.06811614896
2.89274865809,4.0908626347
2.90310674934,4.11361772219
2.91353450008,4.13633735503
2.92394357692,4.15906863147
2.93434457584,4.18180294977
2.94480463828,4.20451041517
2.9552510629,4.22721840439
2.96569245145,4.2499375134
2.97618734363,4.27262725146
2.98667415788,4.29532003138
2.99718520592,4.31800368573
3.00769877198,4.34068178018
3.01821537991,4.36336795256
3.0287370239,4.38604300516
3.03928290168,4.40870893217
3.04985301323,4.43136573361
3.0604498766,4.45400784958
3.07105481789,4.47664692368
3.08170014882,4.49927078849
3.09235607571,4.52188605155
3.10301452063,4.54449575472
3.11371335519,4.56709024859
3.12442026767,4.58968170059
3.13516200989,4.61225542527
3.14590375211,4.63482914995
3.15665357226,4.65739983277
3.16744378205,4.67995530629
3.1782259139,4.70251382168
3.18901056379,4.72506677717
3.19983004342,4.74760200532
3.21063892709,4.77014583524
3.2214826405,4.79267193782
3.23232635391,4.8151980404
3.24317006733,4.83772414298
3.25403245462,4.86023860195
3.26490291985,4.88275001906
3.27579761885,4.90525231059
3.28668423993,4.92775764398
3.29757893894,4.95025993551
3.30849231183,4.97275058343
3.31940568472,4.99524123135
3.3303246175,5.01773439731
3.34125414625,5.04021896151
3.35219175292,5.06270048385
3.36313995555,5.08517340444
3.37408815819,5.10764632503
3.38504192071,5.13012176365
3.39599820127,5.15259164238
3.40697063768,5.17505543739
3.41793247814,5.19752783416
3.42891299247,5.21998858731
3.43991469873,5.24243213696
3.45090580903,5.26488428836
3.46192671301,5.28732983221
3.4729688089,5.30975817257
3.48400282687,5.33218955478
3.49506915654,5.35460876955
3.50613800425,5.37702242443
3.51723108574,5.39942695373
3.52834032308,5.42182539931
3.53946823431,5.44421220129
3.55059866357,5.46659344336
3.56175080858,5.48897111976
3.57292162747,5.51133715254
3.58410052429,5.53370014346
3.595298095,5.55605149077
3.60651182157,5.57839675437
3.61772806616,5.60073645807
3.62896046661,5.62307007805
3.64021710084,5.64539457245
3.65148433103,5.6677104651
3.66275963915,5.69002331589
3.67404302519,5.71233312482
3.68534760316,5.73462573025
3.69665522298,5.7569264136
3.70797343877,5.7792184952
3.71931032844,5.80149893319
3.73064470007,5.82378493108
3.74199218571,5.84605676731
3.75335582719,5.86832251983
3.76472251054,5.89059635028
3.77610230788,5.91285601908
3.78749018314,5.93511264602
3.79888057644,5.95736371306
3.81027904767,5.97961173825
3.82169923464,6.00185619776
3.83312445768,6.02408953747
3.84454716268,6.04632843708
3.85598854158,6.06855569308
3.8674379984,6.09077990722
3.87887937729,6.11300716322
3.89033691204,6.1352283355
3.90180504274,6.15744090603
3.91327317345,6.17965347655
3.92475494198,6.20186552326
3.93623922854,6.22407201007
3.94772603313,6.24627293698
3.95921839762,6.26847638193
3.97072691796,6.29067374316
3.98223239644,6.31286302647
