-1.04999852553,1.30000150949
-1.00149388614,1.29993437081
-0.976493885763,1.29989774972
-0.95149388539,1.29986112863
-0.926493885018,1.29980619698
-0.901493884645,1.29974516183
-0.876493884273,1.29966581612
-0.8514938839,1.29957426339
-0.826493883528,1.2994644001
-0.801493883155,1.29933622627
-0.776493882783,1.2991897419
-0.75149388241,1.29902494697
-0.726493882038,1.2988418415
-0.701493881665,1.29863432197
-0.676499984808,1.29840238837
-0.651499984436,1.29814604071
-0.626750228208,1.30169828686
-0.601957747369,1.30489652909
-0.57711033489,1.30766142171
-0.552238508347,1.31016996667
-0.527336164226,1.3123550253
-0.502415509558,1.31434477142
-0.477470440827,1.3160842734
-0.452525372096,1.31767118749
-0.427561992818,1.31905668555
-0.402592510024,1.32031400979
-0.377616923714,1.3214065391
-0.352635233889,1.32238310162
-0.327647440547,1.32321317976
-0.302659647206,1.32392729109
-0.277659646834,1.32398222274
-0.252665749977,1.3243179161
-0.235514870815,1.29967191964
-0.210514870443,1.29953153878
-0.18551487007,1.29936064034
-0.160514869698,1.29913481026
-0.135514869325,1.29887235908
-0.110520972468,1.29855497626
-0.0855209720958,1.2981826618
-0.060527075239,1.29774320867
-0.0363327389409,1.30403593338
-0.0121384026429,1.31035307214
0.012080347718,1.31655424411
0.0362807875317,1.32281034772
0.0604140886726,1.3293289025
0.0845901144235,1.33570707643
0.108796657753,1.34194486949
0.132984890535,1.34828642232
0.156202664319,1.35755155917
0.179328885366,1.3670364226
0.202369657194,1.37674101258
0.225367704412,1.38655546586
0.24832302702,1.39644316132
0.270674101571,1.40765531969
0.29308621128,1.41872709719
0.315626494819,1.42954252704
0.33834988383,1.43996733189
0.361292999406,1.44989164844
0.38587796071,1.45443266413
0.410481232561,1.45888212709
0.435078400896,1.46333159005
0.460023469627,1.46503447093
0.484803743434,1.46833036942
0.509168978172,1.47393339685
0.53332058986,1.48037870944
0.557179232794,1.48784941268
0.580958530023,1.49556425654
0.605323764761,1.50115507694
0.629768345204,1.50641630749
0.654280064319,1.51131743061
0.678834508044,1.51602934474
0.703425572864,1.52052763582
0.728028844715,1.52496489175
0.752662634144,1.52923735275
0.777278113027,1.53359526297
0.80053861142,1.54276274357
0.823872352002,1.55172880816
0.847236610163,1.56061552704
0.870613075355,1.56948393538
0.894032265157,1.57824248043
0.916059853376,1.59006499037
0.939192177939,1.59953764676
0.962806680244,1.6077468754
0.986970498964,1.6141555669
1.01173856574,1.61754301813
1.03656156416,1.62053984434
1.06150663289,1.62215727601
1.0864455981,1.62391508853
1.11092069612,1.6290298347
1.1354568293,1.63381499102
1.16043851913,1.63480986409
1.18542631247,1.6355911141
1.21042631284,1.63548735433
1.2354202097,1.63523100667
1.26041410655,1.63455961994
1.28539579638,1.63362578204
1.31035307214,1.6321365242
1.33527372681,1.63018339917
1.35995024085,1.62614287177
1.38452299512,1.62156523498
1.40922392322,1.61771391657
1.43388823023,1.61360625049
1.4586135724,1.60993803754
1.48332670753,1.60613554725
1.50808256728,1.60264433626
1.53280790944,1.59895781277
1.55750273403,1.59506987326
1.58210600588,1.59062651382
1.60664824257,1.58585966804
1.63105620192,1.58045195312
1.65534209095,1.57452543936
1.679438771,1.56787260723
1.70343169128,1.56084135712
1.72714995335,1.55293120076
1.75081328378,1.54487456001
1.77437285445,1.536518847
1.79786528644,1.52796171796
1.82135771843,1.51941679596
1.84482573636,1.51078642474
1.86833037538,1.50228422735
1.89180449682,1.4936843737
1.91527861827,1.48507231303
1.93869170455,1.47631376797
1.96209258381,1.46751249831
1.98542632439,1.45854643373
2.00874175442,1.4495254375
2.03202666688,1.44041288853
2.0552993723,1.43129423605
2.07853545664,1.42207182381
2.10176543745,1.4128249975
2.12495269366,1.40348051494
2.14810943228,1.39406279019
2.17126617091,1.3846328584
2.19439239196,1.37514799498
2.21746978488,1.36553495773
2.2405471778,1.35591581696
2.26370391643,1.3464919887
2.28683013747,1.33699491824
2.31007232532,1.32777860951
2.33332061668,1.31858061133
2.35667266781,1.30966947838
2.38012847871,1.30100858958
2.40368804937,1.29265287657
2.42724762003,1.284278853
2.45075836257,1.27577665561
2.47413482776,1.26693266134
2.49732818749,1.25759428229
2.52030182064,1.24772489738
2.54325103973,1.23781278786
2.56620025882,1.22789457482
2.58914947792,1.2179824653
2.61212311107,1.20812528742
2.63513336532,1.19835966227
2.65833893207,1.18906400783
2.68175201836,1.18028715223
2.70548248746,1.17243192751
2.72935944094,1.1650100524
2.75373688271,1.15946195661
2.77811432448,1.15393217137
2.80189362171,1.14619901696
2.82561188378,1.13831937817
2.84924469664,1.13015897766
2.87269440402,1.12149808886
2.89594879889,1.11230009068
2.91887360392,1.10233915303
2.94172516676,1.09220731694
2.96460114367,1.08210599843
2.98750153463,1.07209012914
3.0106338592,1.06260526572
3.03371735563,1.05301053901
3.05691071536,1.04367215996
3.08033600867,1.03493802898
3.10366364574,1.02594144681
3.12724763047,1.0176650795
3.15189362693,1.01341703256
3.17624665463,1.00779569459
3.2000015378,1.00000150502
3.25000153854,0.950001504272
