x,y
-0.849900000000,0.523100000000
-0.822898000000,0.545377000000
-0.804881000000,0.560187500000
-0.787089000000,0.574812300000
-0.769212000000,0.589507400000
-0.751243000000,0.60427772900000
-0.733592000000,0.61878715300000
-0.715733000000,0.633467158000
-0.697740000000,0.648252522000
-0.679800000000,0.662997750000
-0.661690000000,0.677883456000
-0.643100000000,0.693165511000
-0.624800000000,0.708211764000
-0.606410000000,0.723323239000
-0.587770000000,0.738645432000
-0.569340000000,0.753802060000
-0.550860000000,0.768988791000
-0.532210000000,0.784316001000
-0.513717000000,0.799527818000
-0.495100000000,0.814824925000
-0.476490000000,0.830122032000
-0.457950000000,0.845358934000
-0.439360000000,0.860640990000
-0.420740000000,0.8759481310000
-0.402140000000,0.89123520400
-0.383440000000,0.9066075680000
-0.364729000000,0.9219949830000
-0.345950000000,0.9374275510000
-0.327180000000,0.9528551030000
-0.308400000000,0.968292688000
-0.289570000000,0.983765394000
-0.270760000000,0.999233082000
-0.251940000000,1.01470077000
-0.233080000000,1.030203578000
-0.214230000000,1.0457013690000
-0.195320000000,1.061239296000
-0.176440000000,1.076762172000
-0.157562000000,1.0922800320000
-0.138650000000,1.107827993000
-0.119740000000,1.123370938000
-0.100840000000,1.1389088650000
-0.081910000000,1.154466861000
-0.062980000000,1.170024857000
-0.044030000000,1.1856029210000
-0.025090000000,1.201175968000
-0.006130000000,1.216754032000
0.0128240000000,1.232342131000
0.0128249770000,1.232342131
-0.849900000000,0.523100000000
-0.822898000000,0.545377000000
-0.804881000000,0.560187500000
-0.787089000000,0.574812300000
-0.769212000000,0.589507400000
-0.751243000000,0.60427772900000
-0.733592000000,0.61878715300000
-0.715733000000,0.633467158000
-0.697740000000,0.648252522000
-0.679800000000,0.662997750000
-0.661690000000,0.677883456000
-0.643100000000,0.693165511000
-0.624800000000,0.708211764000
-0.606410000000,0.723323239000
0.050780000000,1.263543413000
0.069760000000,1.279146563000
0.088740000000,1.294749712000
0.107750000000,1.310372930000
0.126750000000,1.325991131000
0.145740000000,1.341604315000
0.164760000000,1.357237567000
0.183770000000,1.372865802000
0.202810000000,1.388514106000
0.221840000000,1.404157392000
0.240870000000,1.419800679000
0.259920000000,1.435459016000
0.278960000000,1.451112337000
0.298010000000,1.466765657000
0.317060000000,1.482429012000
0.336120000000,1.498097384000
0.355200000000,1.513775790000
0.374260000000,1.529449179000
0.393330000000,1.545122568000
0.412410000000,1.560805991000
0.431480000000,1.576484397000
0.450560000000,1.592167820000
0.469650000000,1.607856260000
0.488740000000,1.623549717000
0.507830000000,1.639238157000
0.526930000000,1.654936632000
0.546040000000,1.670645140000
0.565150000000,1.686353649000
0.584260000000,1.702067174000
0.603380000000,1.717785717000
0.622520000000,1.733519311000
0.641670000000,1.749257922000
0.660820000000,1.765001550000
0.679990000000,1.780755213000
0.699170000000,1.796518909000
0.718350000000,1.812287623000
0.737550000000,1.828066371000
0.756750000000,1.843850136000
0.775950000000,1.859638917000
0.795180000000,1.875442751000
0.814410000000,1.891251601000
0.833650000000,1.907065468000
0.852900000000,1.922889370000
0.872160000000,1.938718289000
0.891420000000,1.954552225000
0.910700000000,1.970396195000
0.929980000000,1.986250199000
0.949270000000,2.002104203000
0.968570000000,2.017968241000
0.987870000000,2.033837297000
1.007190000000,2.049711369000
1.026500000000,2.065590459000
1.045830000000,2.081479582000
1.065160000000,2.097368706000
1.084510000000,2.113267864000
1.103850000000,2.129172039000
1.123200000000,2.145076214000
1.142560000000,2.160990423000
1.161930000000,2.176909650000
1.181300000000,2.192828876000
1.200670000000,2.208758137000
1.220050000000,2.224687397000
1.239440000000,2.240621675000
1.258830000000,2.256560969000
1.278230000000,2.272510298000
1.297630000000,2.288459627000
1.317040000000,3.0440895600000
2.23491,3.058904023
2.25501,3.0754253
2.27434,3.091309407
2.29297,3.106626583
2.31114,3.12155744200
2.32884,3.136107003000
2.34609,3.150290316000
2.36654,3.167102584000
2.38399,3.181446445000
2.40000,3.19460125400
2.45000,3.23570125000
